0.01770610895077637
0.02224723275663683
0.09041913655415511
0.026084533391597622
0.009969081949385662
0.028840227642583184
0.09112993680488322
0.0894625206507942
0.056186387600419455
0.0856232112847421
0.0059537746329083405
0.005855852634723397
0.043500484561006275
0.09073040630411333
0.07670978773244468
0.09841073224815071
0.08174908558956748
0.06839533950706973
0.043053106888180315
0.03173057153945307
0.02420471531792979
0.05729415743472966
0.020445403359115825
0.0918083704164996
0.054387984410817235
0.01339755665871543
0.08216576930690944
0.09671880104023893
0.038403356065305566
0.05648727372133338
0.059118251569564864
0.058322403591659085
0.014671977323467379
0.022931438342092016
0.06554166228235024
0.02973416750788686
0.0755567586170924
0.04262566186684534
0.038016110590771694
0.06575612891129871
0.02696755863806592
0.09746589184804033
0.08223785493167497
0.07708574396362856
0.013732644687580186
0.038795108699755124
0.012698398143923201
0.04742034073230362
0.021839395295672283
0.023549309733412488
0.027574406482169758
0.01193023336613567
0.042941615567681085
0.04657952153736138
0.059050992980906984
0.08818010471472673
0.028051660281958286
0.018685968078148568
0.08723680830795147
0.05175829954050634
0.01691371623512502
0.01169248636128645
0.09271144418098139
0.0362362586849093
0.09236042726544762
0.0037845310603625082
0.006006730963439665
0.05721120826102473
0.05523362491047251
0.03042632970861924
0.07904089508419718
0.035130604380537125
0.02735813834193886
0.10009914055067244
0.05755005653749125
0.09696775120598242
0.07164004911430866
0.10471631853948885
0.1397849489021669
0.14620095755022558
0.17105276268255132
0.1717953978755439
0.29104207361369805
0.27463794229172045
0.2989010383415421
0.38032266176312346
0.46725980028095637
0.4413083715197489
0.5013334515614979
0.6369952203071957
0.6511185001911154
0.7263360878968017
0.8256579587781601
0.8251995147491449
0.8451878632881472
0.8990369805957625
0.9718250226409753
1.0010976765325716
0.9976906329210048
1.0491194814597222
1.0948646479114688
1.0209694728674874
1.0236496506238297
1.0463619504942188
0.9314441819781684
0.9070746494681285
0.9288442602066578
0.79828384262873
0.732758538533837
0.6842600493734133
0.6664073440284523
0.6266687530188095
0.5058446549302498
0.4699244796219939
0.4386064318988449
0.42137654873931985
0.3311597326601909
0.3088435774771864
0.23903249072557325
0.19664507547682508
0.19642135280017564
0.1289834775101025
0.11779369156782546
0.14119384869297397
0.10530402180567534
0.13139859998614759
0.07082054709732125
0.093747249334422
0.024473939467111457
0.01740171238476228
0.07008515760425411
0.07261677359269579
0.05009576717187108
0.07979214961900115
0.020242172564419916
0.014538920750157438
0.04930790649320343
0.062424554194124175
0.09708820483739806
0.04857783435259969
0.00797564713435976
0.09083651900998005
0.011169974537962977
0.05072773219445899
0.026919897131303144
0.07680708482963813
0.08181955411677438
0.05461508761407959
0.06634473532945774
0.03888514155077667
0.043354121310286806
0.09099164286840368
0.06445393863376297
0.07267759782748133
0.029281338362196006
0.0321592799959492
0.07077916101061596
0.06271226448276843
0.09323031658834706
0.029125531657463146
0.04691621819862209
0.06540178757602873
0.010692798473333013
0.01400178260483517
0.0032745959197435226
0.09556638540528754
0.033142076496127965
0.02203281846298082
0.08059959263404147
0.06865871819779751
0.060017671255493066
0.006038224116819839
0.0659730378387377
0.03399340501610479
0.047672845932706494
0.031077107334279735
0.036994844383348796
0.07343591619418555
0.06991975291427609
0.0610333945807835
0.04202890547049837
0.06722848853521149
0.08726472922680568
0.01769539253685325
0.08368704710718677
0.03299000604729925
0.07146332426454811
0.006159897502755833
0.08329444539828752
0.08308891434573754
0.04223740368714718
0.05273836678887548
0.0286544819595155
0.02350955504567024
0.05872356178850594
0.0327997048425249
0.04353427998105408
0.03938158559287217
0.06833474679311406
0.006100634811323624
0.02937624585292389
0.09020374971729402
0.01328730855882676
0.0668135931645084
0.019558743334650654
0.05449289521466956
0.015322218093777441
0.09744736710715579
0.029806131238815647
0.04293678659808617
0.08631253149623686
0.02835448138708593
0.03116700996316555
0.04032268158130804
0.08916633297517663
0.018664716627644053
0.06755054903475888
0.024715487850315077
0.0598501845199588
0.08463877798020424
0.017152676885968453
0.07462725031962932
0.06665963109306593
0.02129851853139493
0.02313319561163443
0.02852894890163047
0.03083905625545923
0.0029059485333016058
0.05742398779152156
0.00420424231773956
0.05591933596915
0.02420909776142609
0.06434819350442354
0.019152187998231696
0.07639682370757689
0.031936277648229754
0.035516136309981454
0.049303716114616175
0.02212572350582026
0.08374462330674516
0.029609822313189482
0.012915373289276734
0.0821876818176675
0.0784384188720834
0.0255121804462662
0.007388963594971354
0.017747816595839627
0.08719346838501252
0.02123031124088054
0.08293640344024228
0.04810837626891317
0.02140878028183716
0.032464212147418674
0.07728398725911179
0.019897030352048706
0.08755918071581287
0.035320993197662076
0.06287941614525705
0.09910268969514031
0.054053322458067536
0.08625732210114394
0.049647165543216576
0.05114886290122403
0.08869557988330246
0.058394759634753594
0.09951510200159605
0.04089004598539662
0.028553157242520256
0.017161352077308723
0.033787909905468906
0.0018681519786305169
0.03516942934803013
0.006450325306351756
0.09686049223472892
0.016921327861886472
0.04776454610401809
0.03267935373133962
0.0777763344163306
0.010022473193350024
0.08419252207935063
0.00889153179364406
0.04897761221360325
0.027648193897182895
0.04496648588592045
0.07928072618570581
0.08519746958648852
0.024230694074317938
0.06132236556068776
0.03176979443132096
0.007713314260375426
0.04857703486975976
0.007984829276539906
0.07991993554713737
0.06124602254057811
0.09302084579489783
0.06997741944879596
0.06792821918894297
0.06550486510052309
0.05212862124131848
0.02929532881221021
0.03723254690595867
0.029783316756909584
0.030583680320360518
0.012732909003950965
0.0666368268699959
0.04467383298297783
0.028428790733455913
0.04326982321187239
0.025414515697634588
0.08308587392684963
0.017068917989987997
0.09992737333653455
0.04482827733188427
0.0033597192532086153
0.022695895827590618
0.016793286037414014
0.08370984366630557
0.05569499899682247
0.06517363403925379
0.06347879104013456
0.026445588568633327
0.02321009089121875
0.08923728865131597
0.07053562601427639
0.05301762604573379
0.0687780495418144
0.05767291569707478
0.018991238103121102
0.09808982447496173
0.04694098091765482
0.0622518482356664
0.06417597998852295
0.04164775251758819
0.033300428409922436
0.041301658343988204
0.08392202352065038
0.022970225507202225
0.011246630533757573
0.06682625428094223
0.0805733363969694
0.09357362287946126
0.09944974866318457
0.07548628601514752
0.011355646870551484
0.0027990236885378273
0.07573130654679854
0.0410852021746342
0.006902455616397397
0.06758384528866339
0.09883589465785017
0.09170710995236336
0.060894872766074686
0.06844342346607223
0.07975834098215977
0.0934747377277293
0.09129653704512608
0.08941009041311165
0.06897576129723725
0.0724192969001216
0.05472926435784225
0.06623057276807327
0.02494910899077071
0.07072351854474601
0.01154503986353388
0.012440071322942614
0.0961118620309867
0.026875620004758773
0.08350078166230838
0.07493240904011088
0.060919552946091
0.06918035373979632
0.04294441934712443
0.07995043756250175
0.055110235426306754
0.09060129507807453
0.06652234122972957
0.0032439247407263453
0.03116843862550668
0.028266105800568254
0.06508593649426052
0.08321614326975443
0.009683101035580444
0.021620189587273533
0.010358517115188438
0.0751296306014794
0.027842104749997022
0.04157065700522982
0.07918847971976309
0.007056112066864895
0.0789323437844762
0.09381018327179065
0.09859139454832072
0.08334399787369785
0.0875017953775698
0.012014155782596882
0.07734260856633796
0.01610445541402422
0.004020853513970579
0.01317796330650657
0.04139932553421982
0.08100280547550255
