0.0
0.0996339493473231
0.19787624070950524
0.2937523941623029
0.38631542379312456
0.4746551747901966
0.5579072558420296
0.6352614793557877
0.7059697272622829
0.7693531662337664
0.824808742934829
0.8718148973858669
0.9099364405656265
0.9388285509317047
0.9582398535082085
0.9680145544869336
0.9680936138183167
0.9585149479351104
0.9394126644581864
0.9110153403831508
0.8736433647424974
0.827705375986719
0.7736938332378832
0.7121797690530979
0.6438067793101349
0.5692843132157148
0.4893803331672256
0.4049134202064236
0.31674440603193643
0.2257676169370638
0.13290181856990627
0.03908095304248685
-0.054755238378393994
-0.14767061299660073
-0.2387419509980308
-0.3270681136244631
-0.41177894451393054
-0.4920438264358215
-0.5670798094369549
-0.6361592310256572
-0.6986167544049438
-0.7538557568666994
-0.8013540072123038
-0.8406685784017055
-0.8714399494767981
-0.8933952590759853
-0.9063506814707121
-0.9102129049242355
-0.9049797012085196
-0.8907395842260266
-0.8676705647781995
-0.8360380175108758
-0.7961916848595431
-0.7485618513272815
-0.6936547295716774
-0.632047107474183
-0.5643803125413059
-0.4913535565721624
-0.413716729457958
-0.33226271619934983
-0.24781931568813345
-0.16124084345879852
-0.07339950343996278
0.014823384299341578
0.10254621172432814
0.1888958786395964
0.273016468509699
0.3540777182267254
0.43128319815564636
0.5038781220123091
0.5711567101428305
0.6324690345333431
0.6872272793353024
0.7349113567864897
0.7750738250782641
0.8073440618965367
0.8314316549738385
0.8471289789550586
0.8543129361190653
0.8529458469291918
0.843075484922616
0.8248342590063935
0.7984375547208826
0.7641812543750134
0.7224384640697502
0.6736554834260728
0.618347061245392
0.5570909872810574
0.4905220767220715
0.4193256098222801
0.3442302942943752
0.2660008225788859
0.18543009985184591
0.10333122161661205
0.020529281908599147
-0.062146905491971126
-0.14387308990537195
-0.2238377880123525
-0.3012503279992936
-0.37534865398174666
-0.44540681380877406
-0.5107420568159365
-0.5707214722789958
-0.6247681041786414
-0.6723664833677663
-0.7130675242798068
-0.7464927398668041
-0.7723377354418832
-0.7903749494512576
-0.8004556168408961
-0.8025109385353212
-0.7965524485313761
-0.7826715781480746
-0.7610384249844049
-0.7318997420404083
-0.6955761701745744
-0.6524587445263231
-0.6030047126527912
-0.5477327088445808
-0.48721733533016276
-0.42208320679292133
-0.35299851975340607
-0.2806682128634162
-0.20582678797586615
-0.12923086495944835
-0.05165154559189643
0.02613333653047219
0.1033470022993657
0.17922147179885445
0.253005190314672
0.3239704600475669
0.3914206041697811
0.454696792826694
0.5131844643390288
0.5663192791655857
0.6135925490968139
0.6545560896141002
0.688826449311831
0.7160884766775728
0.7360981912945067
0.7486849336006319
0.7537527746394008
0.7512811746926518
0.7413248872239935
0.724013112103599
0.6995479095584601
0.6682018936212485
0.6303152309634855
0.5862919778246758
0.536595794221419
0.48174508067615274
0.4223075882853741
0.35889455799809616
0.29215444944872704
0.22276632354215412
0.15143294618657033
0.078873683082328
0.005817257280356539
-0.06700555769363173
-0.13886923600071416
-0.20906071616665906
-0.27688646461003275
-0.3416793161682595
-0.40280502427284837
-0.45966845659030087
-0.5117193757381318
-0.5584577490657653
-0.5994385364114498
-0.6342759101579596
-0.6626468677552951
-0.6842942030982755
-0.6990288096768728
-0.7067312951913551
-0.7073528942739539
-0.700915673013981
-0.687512026073255
-0.6673034742324382
-0.6405187771562931
-0.6074513829379867
-0.5684562425126214
-0.5239460232538617
-0.4743867619241767
-0.42029300258162944
-0.3622224700020551
-0.3007703336072089
-0.23656312075487507
-0.17025234150988183
-0.10250788964517644
-0.03401128659583265
0.03455116361078255
0.1024952398089223
0.16914562096344588
0.23384258743913997
0.295948539883684
0.3548542714218644
0.40998493157637883
0.4608056236515205
0.5068265812052053
0.5476078736506812
0.5827635959259632
0.6119655024957616
0.634946051652386
0.6515008321007236
0.6614903500863262
0.6648411617914698
0.6615463423164609
0.6516652892161114
0.6353228652077225
0.6127078912406854
0.5840710075537588
0.5497219265804512
0.5100261075344683
0.46540088815718245
0.41631111438271046
0.363264313521976
0.306805460939013
0.24751139404820965
0.18598493076479847
0.12284875226087959
0.05873911199172933
-0.0057005655572916715
-0.0698261321059573
-0.13299914429734694
-0.1945932098418991
-0.25400018810979375
-0.31063618389743325
-0.36394727540172295
-0.4134149203225914
-0.45856098744908314
-0.49895236503044377
-0.5342051016500472
-0.5639880401601972
-0.5880259104505919
-0.6061018523581755
-0.6180593458255198
-0.6238035314193207
-0.6233019104695936
-0.6165844203217625
-0.603742886445504
-0.5849298593535271
-0.560356850388708
-0.5302919863785174
-0.4950571088731343
-0.4550243491215557
-0.4106122150456049
-0.3622812311950742
-0.31052917696304017
-0.25588597216718717
-0.19890826242478427
-0.14017375953438188
-0.08027539430092387
-0.01981534088260028
0.040601027216296846
0.10037118894052344
0.15890147486498543
0.2156129541259234
0.26994715082388193
0.3213715335542711
0.3693847242091628
0.4135213752096261
0.4533566678384358
0.4885103883116745
0.5186505426132932
0.5434964758733379
0.5628214671497996
0.5764547758234465
0.5842831213806614
0.5862515840842832
0.5823639198594845
0.5726822885919275
0.557326400890276
0.53647209414621
0.5103493543749764
0.47923980578245684
0.4434736952269044
0.40342640367385413
0.3595145213330971
0.3121915273727916
0.26194311888706473
0.2092822371141599
0.15474384173056113
0.0988794863569734
0.04225175018268953
-0.014571418168723373
-0.07102238775825441
-0.12653950657813381
-0.1805726805547179
-0.2325888149815068
-0.2820770646493082
-0.32855384106361574
-0.37156752776829366
-0.4107028579023068
-0.44558491166856007
-0.4758826953547021
-0.5013122678730615
-0.5216393854366386
-0.536681639912243
-0.5463100715404802
-0.5504502420328967
-0.5490827594955796
-0.5422432521310415
-0.5300217931812168
-0.5125617850388192
-0.49005831581782544
-0.46275600688340895
-0.4309463748457735
-0.3949647362721662
-0.3551866878201248
-0.31202419860008557
-0.26592135529668864
-0.21734980388039277
-0.166803934592715
-0.11479585926305878
-0.06185023189097398
-0.00849896478774692
0.044724106595441335
0.0972885567260332
0.14867264774260786
0.1983684994730069
0.245887100573537
0.29076311143394445
0.33255941176704945
0.37087134853692605
0.40533064304580046
0.4356089195644171
0.4614208218160714
0.48252668787058983
0.4987347585270475
0.5099028990174643
0.515939818799072
0.5168057792705183
0.5125127843962541
0.503124254401737
0.4887541878581482
0.46956582255776447
0.44576981053953757
0.4176219274097711
0.38542034066813363
0.3495024660498162
0.31024144488864447
0.26804227915483375
0.22333766408960146
0.17658356121624716
0.1282545569264123
0.0788390537988527
0.028834343288388995
-0.021258390587973495
-0.07093908645064687
-0.11971378953721962
-0.1670995548683701
-0.21262922100996284
-0.25585600732643854
-0.2963578895691429
-0.33374171103507133
-0.3676469893398831
-0.39774938204511284
-0.4237637779293495
-0.44544698456027476
-0.4625999869686878
-0.475069756604854
-0.48275059432683065
-0.4855849958837004
-0.4835640331660967
-0.47672724935385336
-0.46516207094727596
-0.44900274447604754
-0.4284288103903218
-0.4036631312055859
-0.3749694953513443
-0.3426498223207065
-0.3070409985930555
-0.26851137736767355
-0.22745697836794623
-0.18429742682311437
-0.13947167318023085
-0.09343353712058636
-0.046647121033398055
0.0004178607781498233
0.04729079022781701
0.0935048437981537
0.13860163428302327
0.1821357498421123
0.2236791454971871
0.2628253438508587
0.2991934038843758
0.3324316191687034
0.3622209096768909
0.38827787458513796
0.410357476962089
0.42825533503421875
0.4418095987408658
0.4509023945145286
0.4554608255973558
0.4554575196892905
0.45091072027175155
0.4418839225174834
0.42848505923665087
0.4108652467761887
0.3892171051396115
0.3637726707849665
0.3348009245482949
0.3026049608896488
0.2675188281323241
0.22990407252950407
0.19014602181594595
0.14864984635890838
0.10583643808890549
0.06213814904823837
0.017994432628641758
-0.02615256863171869
-0.06986244446381515
-0.11270090335240719
-0.15424408047094518
-0.1940827244056532
-0.23182622138718545
-0.26710641753396425
-0.29958120178405206
-0.32893781472859956
-0.35489585143316854
-0.37720992951330057
-0.3956719971846886
-0.4101132597008322
-0.420405706483936
-0.42646322530895986
-0.42824229407449893
-0.42574224494590635
-0.41900509994271723
-0.4081149813213143
-0.393197104332108
-0.37441636406632783
-0.35197553211002724
-0.3261130825525949
-0.2971006705164694
-0.26524028974860103
-0.23086113890990706
-0.19431622898651488
-0.15597876669969454
-0.1162383508866702
-0.07549702054277346
-0.03416519454053954
0.007342456037592727
0.048611161507682125
0.08923019159504215
0.12879693663008776
0.16692089144331684
0.20322750260565803
0.23736184118091566
0.26899206504846246
0.2978126370972571
0.3235472681619144
0.34595155644191306
0.364815298285462
0.37996444859829215
0.3912627127196171
0.39861275535639706
0.4019570160446195
0.40127812457356654
0.39659891382587675
0.38798203151242233
0.37552915627644057
0.3593798275661907
0.33970990249081445
0.31672965654240837
0.2906815485526621
0.2618376735205081
0.23049692996667814
0.1969819312123515
0.16163569241632988
0.12481812731502472
0.08690239037237088
0.04827110144645968
0.009312491103361565
-0.02958349465176175
-0.0680290912063524
-0.10564257485498646
-0.14205204664447002
-0.17689910310499288
-0.20984235770082127
-0.24056077846751317
-0.26875680927422424
-0.2941592444380511
-0.31652582899876475
-0.33564555980956146
-0.35134066568318917
-0.36346824812129247
-0.37192156761454437
-0.3766309640966967
-0.37756440383084067
-0.37472764876358294
-0.36816404816483606
-0.35795395613959463
-0.34421378231594835
-0.3270946866437449
-0.306780932744915
-0.283487917604993
-0.2574598985531182
-0.22896744141384295
-0.19830461640038155
-0.1657859707291579
-0.1317433090473502
-0.09652231455804025
-0.060479045185607566
-0.023976340233376903
0.012619826263045988
0.04894400889616569
0.08463493434935694
0.11933908869535569
0.1527142129688992
0.18443267250892134
0.2141846669626201
0.24168124956549514
0.2666571263392838
0.2888732081624332
0.3081188912409054
0.3242140443143254
0.33701068394436107
0.34639432241838325
0.35228497612902565
0.3546378257257476
0.35344352284305613
0.34872814175642686
0.340552777865643
0.3290127984208342
0.31423675435398446
0.2963849654240441
0.27564779409391393
0.25224362660119515
0.22641658253180888
0.19843397682892133
0.16858356054365078
0.13717056873629704
0.104514605747193
0.07094639955798322
0.03680445814341765
0.00243166156019443
-0.03182817597436214
-0.06563373959830514
-0.09864960868164792
-0.13054957935143713
-0.1610198818097319
-0.18976226076940014
-0.2164968888247319
-0.2409650843608528
-0.2629318076691906
-0.28218791125391096
-0.2985521228621862
-0.3118727425232127
-0.3220290378084386
-0.3289323245990718
-0.33252672383487136
-0.33278958798864516
-0.3297315943305067
-0.3233965053817049
-0.3138606002762527
-0.30123178401664974
-0.285648384795349
-0.2672776526247775
-0.2463139754454978
-0.22297683163589238
-0.19750850040083626
-0.17017155384635607
-0.14124615663010193
-0.11102720089363725
-0.07982130571521623
-0.04794371155635726
-0.015715101101536105
0.016541621500875937
0.048504560701011924
0.0798560366539912
0.1102857374690112
0.13949378537410695
0.16719368655318298
0.193115135692906
0.21700664784224544
0.23863799201931077
0.2578024030800617
0.27431855066908056
0.2880322465805023
0.29881787454125014
0.306579529261598
0.31125185455082055
0.3128005733384886
0.31122270554399817
0.30654647286703757
0.298830892698591
0.2881650664445375
0.2746671705812225
0.25848316169460944
0.23978520956296107
0.21876987499975958
0.19565605165311234
0.17068269323588697
0.14410634971562442
0.11619853780508507
0.08724297264608107
0.05753268885664305
0.027367080102665267
-0.0029511129482755406
-0.033118836037705345
-0.06283574574587328
-0.09180719480535098
-0.11974714867410864
-0.14638100454765587
-0.1714482850780834
-0.19470518042848592
-0.2159269139094007
-0.23490990830266348
-0.25147373205775914
-0.26546280682475265
-0.27674786024268616
-0.2852271105078347
-0.2908271719756541
-0.2935036738760485
-0.2932415871150833
-0.29005525706840724
-0.2839881432129216
-0.2751122693643537
-0.26352739116027524
-0.24935989022225005
-0.23276140711971763
-0.21390722781547794
-0.19299444067316973
-0.17023988332785697
-0.14587790073993234
-0.12015793755113292
-0.09334198942200181
-0.06570193933848124
-0.03751680591902188
-0.009069931523576455
0.019353861544675673
0.04747111824858003
0.07500257302072945
0.10167591890804054
0.1272284962448567
0.15140987435438555
0.173984300951268
0.1947329953389024
0.21345626314887114
0.2299754122388266
0.24413445143025678
0.2558015560068829
0.26487028628546794
0.27126054808863054
0.27491928656863596
0.2758209075252519
0.2739674231025617
0.26938832151160313
0.2621401631801243
0.25230590845025797
0.23999398460245633
0.22533710255338282
0.2084908360313452
0.1896319783511602
0.16895669406861705
0.14667848477187426
0.12302599004448121
0.0982406461948584
0.07257422667594247
0.046286289203219026
0.019641555410468477
-0.007092750547734171
-0.03364957773362222
-0.05976471175425222
-0.08517939916102668
-0.10964290689581588
-0.13291499151075142
-0.15476825388971366
-0.17499035643853852
-0.19338608117498476
-0.20977920882273182
-0.2240142008786197
-0.23595766865994716
-0.24549961552737076
-0.2525544407968805
-0.2570616962774706
-0.25898658887502307
-0.2583202252622864
-0.2550795972038791
-0.24930730871801504
-0.2410710488272876
-0.23046281617381795
-0.2175979042243079
-0.20261365814404889
-0.18566801665239202
-0.1669378542640849
-0.14661714125062575
-0.12491494040493557
-0.10205326124457173
-0.07826479362832525
-0.05379054387641472
-0.028877397364807832
-0.0037756322019751737
0.021263591013771056
0.04599073821947459
0.07016038467088713
0.09353364682114748
0.1158805392384169
0.13698223334973
0.15663319587046567
0.17464318606741508
0.19083909249487602
0.2050665915218635
0.21719161181690777
0.22710159095577656
0.23470651244645957
0.2399397137029021
0.2427584578218047
0.24314426440148063
0.2411029970645546
0.23666470778262674
0.22988324052673303
0.22083559915822676
0.20962108680698452
0.19636022623443844
0.1811934728259027
0.16427973387881623
0.14579470973127753
0.12592907399052639
0.10488651165716481
0.08288163528344589
0.060137800440368365
0.03688484268768941
0.013356758935596253
-0.010210643449970865
-0.03358210621777257
-0.05652526490449169
-0.07881295528042254
-0.10022545871186038
-0.12055266428494418
-0.13959612645459835
-0.15717099810907728
-0.17310782026387442
-0.18725415110380192
-0.19947601876380935
-0.20965918405961564
-0.21771020133024535
-0.22355726761577355
-0.2271508525440723
-0.22846410351844848
-0.22749302306111563
-0.22425641745294925
-0.2187956180948584
-0.21117397927768847
-0.20147615826333645
-0.18980718572777056
-0.17629133667584138
-0.16107081388777764
-0.144304257779317
-0.12616509823360442
-0.1068397654773237
-0.08652577841152624
-0.06542972995660966
-0.04376518992013016
-0.021750546637086858
0.0003931908418078772
0.02244460793159246
0.04418409489702911
0.06539603040801488
0.08587091659113713
0.10540744447229393
0.12381446948406023
0.1409128776897824
0.15653732454370564
0.17053782935070472
0.18278121009575343
0.1931523449669825
0.20155524867960467
0.2079139536029099
0.2121731876797235
0.21429884318681683
0.21427823249500483
0.21212012912786332
0.2078545945665543
0.201532593383814
0.19322540139139852
0.18302381353141908
0.17103716021283846
0.15739214267053564
0.14223149968752563
0.12571251965387792
0.10800541342305582
0.08929156475320146
0.06976167627519235
0.049613829899714565
0.029051481353769643
0.008281409115445549
-0.01248836161022918
-0.03305063906484867
-0.05320112849194982
-0.07274045855495144
-0.0914761505510619
-0.10922451100525492
-0.1258124290701849
-0.1410790611817681
-0.15487738661489725
-0.16707561893688985
-0.17755845985368857
-0.18622818357001042
-0.1930055415227694
-0.19783047917951144
-0.20066265850152454
-0.20148178163547856
-0.2002877133980491
-0.1971004021348715
-0.19195960054820704
-0.18492439007678502
-0.1760725143566816
-0.16549952917459462
-0.15331777812586297
-0.1396552048915688
-0.12465401463530175
-0.1084691984753794
-0.09126693629857985
-0.07322289433409872
-0.05452043489067378
-0.03534875646674057
-0.01590098306519779
0.0036277780239968647
0.023042390472537408
0.04214963565080403
0.06076013246309444
0.0786902112367759
0.0957637231554308
0.11181376744293575
0.12668431939692223
0.14023174342671527
0.15232617646114482
0.1628527684432939
0.17171276810787967
0.1788244438275094
0.18412383100014776
0.18756529921452098
0.18912193425503374
0.18878573187460973
0.18656760215384544
0.1824971851591443
0.17662248049205836
0.16900929516829394
0.15974051605941259
0.1489152148554458
0.13664759514566704
0.12306579275136
0.10831054186393077
0.09253372083028504
0.07589679257269369
0.058569155621707246
0.040726422568531574
0.02254864340023728
0.004218491661309039
-0.014080568315733379
-0.032166114751977865
-0.04985858404481498
-0.06698305063035681
-0.08337095347295194
-0.09886175217191413
-0.11330449644563513
-0.1265592936821677
-0.13849866032333757
-0.14900874406516929
-0.15799040519797836
-0.16536014686134679
-0.17105088553718087
-0.17501255473239183
-0.17721253649496718
-0.17763591714605742
-0.1762855653786809
-0.17318203265309223
-0.16836327759182332
-0.16188421782635068
-0.1538161144548366
-0.1442457959196342
-0.1332747296879688
-0.12101795160395971
-0.10760286416067373
-0.09316791620352999
-0.07786117770925026
-0.06183882427682447
-0.045263546809154884
-0.028302902548562523
-0.011127624149854244
0.006090096173379769
0.023178330212883028
0.03996712781570136
0.05629020435919729
0.07198658492339795
0.08690218893179985
0.10089133969040157
0.11381818406602712
0.12555800850039445
0.13599843864564062
0.1450405111186139
0.15259960719299512
0.15860623966614182
0.16300668563723525
0.16576345949946383
0.16685562206566468
0.16627892339784933
0.1640457785796439
0.1601850773402163
0.15474183009210307
0.14777665456697991
0.13936510880689
0.1295968777781496
0.11857482230636797
0.10641390036973976
0.09323997202099829
0.07918850032432431
0.06440316168140546
0.049034379771286815
0.033237798033966405
0.017172706181094698
0.0010004366139345646
-0.015117253134399386
-0.031019795740368828
-0.04654941110985168
-0.061552669218056986
-0.07588200331561071
-0.08939715860363878
-0.10196656218390361
-0.11346860093208468
-0.12379279491406134
-0.13284085505655638
-0.14052761498322755
-0.1467818282227675
-0.15154682337378145
-0.15478101125774874
-0.156458239591713
-0.15656799225131063
-0.15511543175674036
-0.15212128518370455
-0.14762157526248945
-0.14166719996566463
-0.13432336538315431
-0.12566887812780939
-0.11579530489099932
-0.10480600806258014
-0.09281506753033776
-0.07994609986910527
-0.06633098710859163
-0.05210852812226465
-0.03742302639959512
-0.022422828543524117
-0.007258828269385987
0.007917049033329897
0.022953365981263112
0.03770068194266719
0.05201303584096525
0.06574938832798578
0.07877500910231076
0.09096279575230043
0.10219451124077156
0.11236192801130586
0.12136786767572538
0.12912712632795673
0.13556727671021032
0.1406293397209242
0.1442683190872928
0.14645359441489328
0.14716916925884035
0.14641377232052571
0.1442008113467695
0.14055818077927973
0.13552792565708194
0.1291657656985745
0.12154048486896626
0.11273319305959947
0.10283646775493244
0.0919533847287494
0.0801964478820852
0.06768642930108121
0.05455113146443643
0.04092408425907694
0.026943190062421744
0.01274933061488456
-0.0015150502674785734
-0.015707373905306878
-0.029686349616161206
-0.04331337904601871
-0.05645392803680571
-0.06897885247422145
-0.08076566507332372
-0.0916997307005736
-0.10167537859343394
-0.1105969207141394
-0.11837956645352259
-0.12495022497387752
-0.13024818763548393
-0.13422568417779812
-0.13684830761099895
-0.13809530410341825
-0.13795972551194158
-0.13644844358213182
-0.13358202622862697
-0.12939447768058188
-0.12393284562783191
-0.1172566998177089
-0.10943748781704712
-0.10055777485643463
-0.09071037580257409
-0.07999738834854213
-0.06852913746087819
-0.05642304196766892
-0.04380241490499786
-0.030795209853584398
-0.01753272598739561
-0.004148284917080751
0.009224107359759495
0.022451099994013242
0.035401324937520975
0.04794669951569353
0.05996369102635221
0.07133453090114157
0.0819483665187232
0.09170233942851405
0.10050257952273783
0.10826510557470691
0.11491662353366923
0.12039521502080991
0.12465090959649819
0.1276461355540101
0.12935604522765448
0.12976871207107613
0.12888519805163792
0.12671949120626733
0.12329831450001796
0.11866080840786739
0.11285809089032536
0.10595269964184262
0.09801792264595147
0.08913702416120384
0.0794023742766687
0.06891449110523434
0.05778100551827436
0.04611555905835217
0.034036646290843554
0.02166641336461426
0.009129424941746392
-0.0034485880766498235
-0.015941987459571483
-0.028226480605264635
-0.040180355074913014
-0.051685682459146294
-0.06262947969036338
-0.07290481638584001
-0.08241185739056986
-0.09105883037840043
-0.09876290915814456
-0.1054510042096057
-0.11106045293366114
-0.11553960313105104
-0.11884828431549545
-0.12095816260721294
-0.12185297613129267
-0.12152864904967671
-0.11999328357370066
-0.11726703052397766
-0.11338184021371729
-0.10838109661834987
-0.10231913894678145
-0.09526067583644345
-0.0872800984445968
-0.07846069969187883
-0.06889380782134087
-0.05867784325838663
-0.04791730848623924
-0.036721721281090434
-0.02520450217472493
-0.013481827425695075
-0.0016714590791570814
0.01010843612222426
0.02174046714957747
0.033109186648616964
0.04410223484844421
0.05461144810302144
0.06453392114807055
0.07377301266141371
0.0822392843218963
0.08985136426462055
0.09653672662072389
0.10223237970023674
0.10688545631762225
0.11045370076172956
0.11290584796488759
0.11422189151901875
0.1143932383088342
0.1134227486721721
0.11132466214382374
0.10812440998035726
0.10385831678811118
0.09857319467351501
0.0923258343934401
0.08518239899287514
0.07721772636809003
0.06851454807628327
0.05916263251895985
0.04925786134830456
0.03890124857661626
0.028197912402565837
0.017256010199836937
0.006185647439404818
-0.004902228466233876
-0.015896938301984822
-0.02668917408194466
-0.037172083998906535
-0.04724232854063245
-0.05680109735251194
-0.06575507685938564
-0.07401735919038659
-0.08150828357399074
-0.08815620207932066
-0.09389816236692461
-0.09868050096942091
-0.10245934154076727
-0.10520099348314627
-0.1068822473725886
-0.10749056464821685
-0.10702416009494535
-0.10549197672477578
-0.10291355373681318
-0.09931878930002232
-0.09474760094500158
-0.08924948736135647
-0.0828829963656202
-0.07571510472170472
-0.06782051635248067
-0.059280886269090394
-0.05018397825639478
-0.0406227649816623
-0.030694479733394574
-0.020499629442955386
-0.010140978989348313
0.00027748296594563973
0.01065158622380153
0.020878018942616847
0.030855354819475
0.04048505736122636
0.04967245131865131
0.05832765172403233
0.0663664414335912
0.07371108862629006
0.08029109634352209
0.08604387686384124
0.09091534448541656
0.09486042112850893
0.0978434500622655
0.09983851399537369
0.10082965473918705
0.10081099264495623
0.09978674502378866
0.09777114376885614
0.09478825340400616
0.0908716917713717
0.08606425653297901
0.08041746158825314
0.07399098839159977
0.06685205798326735
0.05907473031443389
0.050739138146496145
0.04193066342810438
0.032739064595812634
0.02325756370003264
0.013581902623213142
0.0038093779285324476
-0.00596213594753267
-0.015635165367928416
-0.02511360826259182
-0.03430368733837963
-0.04311487629249898
-0.051460789897579524
-0.059260029223411025
-0.06643697374274107
-0.07292251263137092
-0.07865470821008037
-0.08357938518093701
-0.08765064007620228
-0.09083126615623707
-0.09309308985526844
-0.09441721577185039
-0.09479417812515312
-0.0942239975395881
-0.09271614296923554
-0.09028939952058329
-0.08697164386779785
-0.08279952986980256
-0.07781808788383256
-0.07208024211711836
-0.06564625115863604
-0.05858307757868678
-0.050963693168155355
-0.0428663270050711
-0.03437366407780536
-0.02557200265654811
-0.01655037898355841
-0.007399668144484512
0.0017883298147439316
0.010921809349907104
0.01990987526482673
0.02866344582029696
0.037096134147270726
0.04512509925823134
0.052671858288683183
0.05966305202083454
0.06603115623935474
0.07171513203916935
0.0766610088417147
0.0808223945723099
0.08416090820001294
0.08664653063502553
0.08825787080911425
0.08898234462329326
0.08881626532548115
0.08776484477012392
0.0858421059029753
0.08307070769845559
0.07948168464544243
0.07511410372143854
0.07001464260641822
0.06423709365837879
0.05784179889515045
0.050895021894328145
0.04346826312889873
0.03563752579437504
0.027482539648935173
0.019085950776955758
0.010532485494623779
0.0019080968414718995
-0.006700897758281379
-0.015208679026923817
-0.023530779951849923
-0.03158492300471066
-0.03929183217676509
-0.04657601183030217
-0.053366484729046045
-0.059597482048135676
-0.06520907867202758
-0.07014776766120424
-0.07436696839982605
-0.07782746361993095
-0.0804977612264933
-0.0823543776140893
-0.08338203996227438
-0.08357380581508904
-0.08293109908199943
-0.0814636624347868
-0.07918942690900733
-0.0761343003413585
-0.07233187707745087
-0.06782307216012828
-0.06265568394905424
-0.05688388982043538
-0.05056768024476685
-0.04377223713407926
-0.03656726288257318
-0.029026266990763445
-0.02122581755889554
-0.013244765256719044
-0.005163447620977954
0.0029371183031870625
0.010976046876432333
0.018873390231351827
0.02655093206466602
0.03393296098703291
0.040947015797364074
0.04752459535909653
0.05360182613824178
0.05912008091302964
0.06402654267803982
0.06827470833625673
0.0718248273947334
0.07464427154704392
0.07670783173157103
0.07799793999178775
0.07850481422551839
0.07822652468702039
0.07716898189085525
0.07534584635197723
0.07277836137447628
0.06949511086421489
0.06553170488065176
0.060930396353164204
0.055739633060167444
0.05001354959880523
0.04381140465271073
0.037196969389859946
0.03023787328677554
0.023004914074867357
0.015571338835938964
0.008012103533577113
0.00040311845322369924
-0.007179512865589146
-0.01466025358663647
-0.021964884847389385
-0.029021240882614822
-0.03575992073227707
-0.042114969527422524
-0.04802452267921866
-0.053431406692966386
-0.05828369078671955
-0.06253518400813117
-0.06614587310798091
-0.06908229703881379
-0.07131785459578756
-0.0728330423976965
-0.0736156211122262
-0.07366070855367621
-0.07297079901636448
-0.0715557089453121
-0.06943244978024833
-0.06662502953212757
-0.06316418535607653
-0.05908705006399531
-0.05443675616730933
-0.04926198164919131
-0.04361644223012149
-0.037558335405367786
-0.031149741993056847
-0.02445599133240794
-0.017544996609837993
-0.010486567062770456
-0.003351704014711365
0.0037881121713497705
0.010861637071784952
0.017798571973309495
0.02453026137644777
0.030990371322332722
0.03711554185263942
0.04284600719715813
0.04812617763103641
0.05290517735027456
0.057137333175358636
0.060782609404185485
0.06380698469126406
0.0661827674250124
0.06788884670254912
0.06891087665542603
0.0692413925535939
0.06887985780171561
0.06783264163489212
0.06611292801294838
0.06374055689677532
0.060741799760043805
0.057149071838247106
0.05300058423813586
0.04833993961807234
0.04321567569794876
0.03768076136072211
0.03179205056158287
0.025609699660818948
0.01919655413888137
0.012617510933855417
0.005938862859757415
-0.0007723682829147043
-0.00744910320655001
-0.014024874528636534
-0.020434487387562553
-0.026614664726966872
-0.03250467087264231
-0.038046907268061717
-0.04318747453678227
-0.04787669539917961
-0.05206959338334449
-0.05572632273110691
-0.05881254540542792
-0.06129975164940514
-0.06316552112444908
-0.06439372225978515
-0.06497464807130642
-0.06490508734849773
-0.06418833075730469
-0.06283411205788457
-0.06085848528265173
-0.058283639355503035
-0.055137652251262693
-0.051454187389124446
-0.047272135519394444
-0.042635205893545684
-0.03759147099841386
-0.03219286958150055
-0.026494673091553653
-0.020554921003109794
-0.014433830782221178
-0.008193188480635856
-0.0018957261149873325
0.0043955079051673385
0.010617778992282745
0.016709290949359832
0.022609798684077715
0.02826120300362271
0.03360812162823472
0.038598430822173124
0.043183772356218654
0.04732002088282739
0.05096770721956702
0.05409239349430456
0.05666499660197347
0.05866205695256758
0.06006595004779264
0.06086503900399119
0.061053766735562
0.060632687120147445
0.05960843507828766
0.0579936361098684
0.05580675643148929
0.053071895446858204
0.049818522850676034
0.04608116320959624
0.041899031376471725
0.03731562257114905
0.03237826139801512
0.02713761446309359
0.021647171597965753
0.015962700991019034
0.010141683765609267
0.004242733727680501
-0.0016749918695574632
-0.007552384629967377
-0.013330974466962308
-0.018953510335297886
-0.02436452648379015
-0.029510888637984376
-0.03434231474436425
-0.03881186518283547
-0.04287639767917071
-0.04649698252027447
-0.049639274088653276
-0.05227383518416926
-0.054376411086206645
-0.05592815082292839
-0.05691577365105722
-0.05733167930414819
-0.05717400113402987
-0.0564466018432562
-0.05515901208032331
-0.053326312738296563
-0.05096896235574086
-0.04811257156089586
-0.04478762702058562
-0.04102916784923536
-0.036876417895829836
-0.03237237775312679
-0.02756338071992889
-0.022498617289884625
-0.017229633036022728
-0.011809805006174534
-0.006293801938399405
-0.0007370337457088702
0.0048049041952702536
0.01027678638735596
0.015624306649144213
0.02079461618715412
0.025736844981529224
0.030402601350711808
0.034746444798694966
0.038726327534528475
0.04230400038466735
0.04544537919106463
0.048120868197650685
0.050305637370913085
0.05197985107199936
0.053128845993383154
0.05374325678759407
0.05381908834358146
0.053357734202695455
0.05236594114558192
0.050855720518146706
0.048844207393795094
0.04635346918513785
0.043410265816195066
0.04004576404091665
0.03629520894094653
0.03219755605059604
0.027795067936030652
0.02313287939496727
0.01825853573957293
0.013221508875990606
0.008072696096555108
0.0028639066536144935
-0.002352658714483385
-0.007524930085014176
-0.012601487262482187
-0.017532070137256866
-0.022268075434171176
-0.02676303495002117
-0.030973070583102866
-0.03485732170818979
-0.038378340744002745
-0.04150245309406204
-0.044200078012501365
-0.04644600734995951
-0.048219639567020516
-0.049505166859311577
-0.0502917137147465
-0.05057342571458728
-0.05034950789109968
-0.04962421246052937
-0.04840677625586387
-0.04671130868433188
-0.04455663152485028
-0.04196607235579945
-0.03896721385894664
-0.03559160167652169
-0.03187441390123404
-0.02785409564945956
-0.023571962502372232
-0.01907177689525903
-0.014399301788803153
-0.009601836165490799
-0.004727737057425659
0.00017406707257038422
0.0050545667076820336
0.009865160504820338
0.014558138497508415
0.0190871544777204
0.02340768288751664
0.02747745572451994
0.031256875182554905
0.03470939800795667
0.03780188785023037
0.04050493221988632
0.042793121032859066
0.04464528411619414
0.046044685469528474
0.04697917251711221
0.04744127904115807
0.047428280954582985
0.046942204545042596
0.04598978729775087
0.04458239187721076
0.04273587431293829
0.04047040788694028
0.03781026465662269
0.03478355696172103
0.03142194165363808
0.02776029014652276
0.023836327718006135
0.01969024578056208
0.015364291099278315
0.010902336145891003
0.006349434950419344
0.0017513689389637933
-0.002845812671746512
-0.0073962533164611275
-0.011854745763591693
-0.016177180496759782
-0.020320981355919268
-0.024245524143107065
-0.027912534084919602
-0.03128645827116575
-0.03433480945426425
-0.03702847789405513
-0.039342008264734364
-0.041253839001037546
-0.042746501845971806
-0.043806779768343504
-0.04442582184093122
-0.04459921410513183
-0.04432700589085142
-0.04361369150691014
-0.042468147662770836
-0.04090352742257662
-0.03893711192289896
-0.03659012150202779
-0.03388748828695084
-0.03085759266047823
-0.027531966381640516
-0.023944965454052492
-0.020133416126379318
-0.016136237663553592
-0.01199404574459439
-0.007748740520757395
-0.003443083504642464
0.000879732444305958
0.0051765157206615404
0.009404506834432837
0.0135218032418114
0.017487773931360678
0.021263459670748226
0.02481195497852503
0.028098768083471583
0.03109215536853341
0.03376342706490572
0.03608722126150656
0.0380417436229022
0.0396089705612176
0.040774813981141446
0.041529246107985945
0.04186638331289452
0.0417845282626729
0.04128617014013616
0.04037794310015557
0.03907054354256012
0.03737860719155593
0.03532054736833561
0.03291835622513703
0.030197371071443498
0.027186008262726793
0.02391546743588147
0.020419409160180844
0.016733609325526887
0.012895593808594884
0.0089442571400507
0.004919469040773214
0.0008616728005921545
-0.003188520461466736
-0.007190737591402765
-0.011105245200694632
-0.014893343480620616
-0.018517748133817048
-0.021942956660431126
-0.0251355954073832
-0.02806474399548074
-0.03070223397828647
-0.0330229188562921
-0.03500491286715797
-0.036629796294579575
-0.037882785381315544
-0.03875286529270494
-0.03923288495175084
-0.039319612951943556
-0.03901375414543093
-0.038319926898039015
-0.037246601395060336
-0.0358059997687402
-0.03401395919615914
-0.03188975948104338
-0.029455916981259867
-0.026737947072064627
-0.02376409764032342
-0.020565056383893086
-0.01717363494067474
-0.013624433090814767
-0.009953486461475557
-0.0061979013143713775
-0.0023954801109237825
0.001415658372913729
0.005197460570793385
0.008912317476540341
0.012523438045556657
0.015995212945858064
0.01929356506862042
0.02238628335446406
0.025243336671978412
0.027837164696922437
0.030142942982207845
0.032138819677441935
0.0338061216497492
0.035129528071833886
0.036097209875486355
0.03670093381566012
0.036936130248270346
0.03680192409045216
0.036301128801394286
0.03544020359142124
0.03422917443298191
0.0326815198060266
0.03081402245830842
0.028646588795092652
0.02620203782918857
0.02350586191820852
0.020585961788486484
0.017472358591617658
0.014196885957756828
0.010792865197499498
0.007294766959716361
0.0037378627745859863
0.00015786999834583188
-0.0034094062720232215
-0.006928430729892238
-0.01036429127146554
-0.013683044780561315
-0.01685205186667781
-0.01984029726121361
-0.022618692732907248
-0.025160359570505313
-0.027440887896233
-0.02943857031576094
-0.031134607676277206
-0.032513284991421365
-0.033562115897226255
-0.034271954323613664
-0.03463707239834422
-0.034655203941055916
-0.03432755325088632
-0.03365876923855583
-0.03265688529931268
-0.03133322566330796
-0.029702279291447344
-0.02778154270425172
-0.025591333435644025
-0.023154576089842796
-0.02049656324498804
-0.017644693689033767
-0.014628190689701873
-0.01147780318864641
-0.00822549296878352
-0.004904110971522963
-0.0015470660361628446
0.001812010603734123
0.005139601703183567
0.00840263790864007
0.011568825859902428
0.014606967241156708
0.01748726563451426
0.020181618163702862
0.02266388907922653
0.0249101626279328
0.02689897276708588
0.028611507523865515
0.030031786062849824
0.031146806804073033
0.03194666522964477
0.03242464032472375
0.032577248915754906
0.03240426749206027
0.03190872142290494
0.03109684180776367
0.0299779905194451
0.028564554314792077
0.02687180919276993
0.024917756471823874
0.02272293233465855
0.020310192846273143
0.017704476687766424
0.014932548061749883
0.012022722413251086
0.009004577770802652
0.0059086546447074265
0.0027661475219028764
-0.0003914089315180698
-0.0035324558085998658
-0.0066257248804359875
-0.00964054935817698
-0.012547167414711815
-0.015317015467049099
-0.017923008334591647
-0.02033980353092724
-0.022544047115964992
-0.024514598729493815
-0.026232733644396312
-0.02768231991564578
-0.028849968957298976
-0.029725158151472263
-0.03030032437782644
-0.030570927646623006
-0.03053548431992397
-0.03019556971092608
-0.029555790157746325
-0.028623724972100997
-0.027409838962235433
-0.025927366520226793
-0.024192168543475213
-0.022222563726139236
-0.020039136005829884
-0.01766452018157879
-0.015123167928866055
-0.01244109662408718
-0.009645623552777052
-0.0067650882113578165
-0.003828565520204805
-0.0008655728452013709
0.002094226224843565
0.00502131837692175
0.007886634389824662
0.010661837347094638
0.013319602394188458
0.015833885282804255
0.018180177068250696
0.02033574247433485
0.02227983961310133
0.023993918942024187
0.025461799556773357
0.02666982115140292
0.027606970227181855
0.02826497939385287
0.028638398880123532
0.028724639650976727
0.028523987815012117
0.028039590292709107
0.027277412003305978
0.026246165111087426
0.024957211148429196
0.023424437100279798
0.02166410679015424
0.019694689148777266
0.017536665170796866
0.01521231557038125
0.012745491331043923
0.010161369506899847
0.0074861967702907145
0.004747023312970372
0.001971429793910445
-0.0008127499146617345
-0.0035777074004038267
-0.006295937017537859
-0.008940509066229403
-0.011485336135956382
-0.013905429983213726
-0.016177146418796546
-0.018278415809621144
-0.020188956953068264
-0.021890472256708066
-0.02336682235096724
-0.024604178474952106
-0.02559115120402438
-0.02631889432940072
-0.026781182952720535
-0.026974465119450095
-0.026897886581690407
-0.026553288550621765
-0.02594517856883607
-0.02508067490042892
-0.02396942509931835
-0.022623499671207244
-0.021057261989415505
-0.01928721585704769
-0.01733183232542308
-0.015211357579166451
-0.012947603880027702
-0.010563725722555444
-0.008083983493635729
-0.005533497043466169
-0.0029379916665263667
-0.0003235390568707318
0.002283704158058861
0.004857757687096732
0.007373076042962416
0.009804801640591658
0.01212901002277728
0.01432294479828572
0.016365239989803205
0.01823612762393739
0.01991762855129423
0.02139372466004586
0.022650510839292832
0.023676325257129132
0.02446185674036497
0.025000228276123186
0.025287055897649922
0.025320482465176472
0.02510118610506508
0.024632363324215263
0.02391968706927488
0.022971240249061442
0.021797425481312156
0.02041085205900492
0.018826201354788748
0.017060072092277674
0.015130807108112673
0.013058303406837652
0.010863807470141453
0.008569697921241109
0.006199257762967829
0.00377643850327637
0.0013256185535427858
-0.0011286416672993496
-0.003561845466670187
-0.005949803995546187
-0.008268876320207825
-0.01049620306977028
-0.012609931354356764
-0.014589428745051083
-0.016415484224683613
-0.01807049415684862
-0.019538631477782946
-0.02080599649028353
-0.02186074782881672
-0.022693212368526842
-0.02329597306577033
-0.023663933942000573
-0.023794361653997117
-0.023686903329206057
-0.023343580583025783
-0.022768759872801653
-0.021969099578730184
-0.02095347443249001
-0.019732878137898882
-0.0183203052420816
-0.016730613518408453
-0.014980368311808484
-0.01308767047125307
-0.01107196965139522
-0.00895386490424807
-0.006754894600848713
-0.0044973178212020645
-0.0022038894273432113
0.00010236891146715984
0.0023983994410594657
0.004661338483601934
0.006868743743989766
0.008998816505248013
0.011030616516771856
0.012944267460941497
0.014721150986036996
0.01634408741547362
0.01779750138386796
0.019067570807750584
0.02014235777137828
0.021011920094158275
0.021668402543847082
0.022106106866852288
0.0223215400216103
0.022313440220884315
0.022082780611781157
0.02163275064604793
0.02096871541555348
0.02009815344657126
0.01903057365940906
0.017777412404933978
0.016351911684666404
0.014768979844395536
0.013045036200956353
0.011197841216271232
0.009246313970477468
0.007210338805682397
0.005110563112427612
0.0029681883114646085
0.00080475614308459
-0.0013580675853419114
-0.0034987096261872622
-0.005595904130279
-0.007628903561449732
-0.009577683598584017
-0.011423140005115314
-0.013147275534140598
-0.014733375044400414
-0.016166167127305644
-0.017431970686504754
-0.018518825067821626
-0.01941660250711277
-0.020117101844863157
-0.020614122647455425
-0.02090351907390134
-0.020983233031546155
-0.02085330637266508
-0.020515872093955397
-0.01997512471053438
-0.019237270183119517
-0.018310455979525388
-0.017204682047469135
-0.015931693662988328
-0.014504857295747998
-0.012939020797351116
-0.011250359369958232
-0.009456208908562557
-0.00757488842983234
-0.005625513402501499
-0.003627801877778602
-0.0016018753825083958
0.0004319434177902974
0.0024533342546403806
0.004442181955904237
0.006378776289924476
0.008244006972309599
0.010019551909374237
0.011688056827339945
0.0132333045297915
0.014640372136300006
0.01589577478165449
0.0169875943962319
0.01790559234239595
0.01864130484774648
0.019188120351875372
0.019541338067247387
0.019698207245011378
0.01965794683106585
0.019421745394575633
0.0189927414084085
0.01837598415663981
0.017578375736442005
0.016608594808395893
0.01547700292873373
0.014195534467444496
0.012777571275914787
0.011237803415254132
0.009592077390298447
0.007857233453124309
0.006050933642725809
0.0041914823132707755
0.0022976409712528725
0.0003884392914185835
-0.001517015788061729
-0.0033997309790686878
-0.005241015661155515
-0.007022667125279866
-0.008727150210784539
-0.010337769566008816
-0.011838832843547588
-0.01321580323836845
-0.01445543988965052
-0.0155459247941953
-0.01647697501919103
-0.017239939153631017
-0.017827877099126376
-0.018235622470651237
-0.018459827054159557
-0.018498986949198708
-0.0183534502088469
-0.01802540597462287
-0.017518855288625543
-0.016839563947220672
