19.29
70.48
78.33
45.00
79.76
52.62
23.57
69.05
40.00
52.14
63.10
88.33
70.48
84.52
29.29
37.38
0.00
35.48
54.52
55.48
47.86
42.14
54.05
40.00
40.00
59.29
20.48
79.52
89.52
33.33
35.71
75.71
79.52
31.67
83.33
40.00
45.24
37.62
83.57
57.38
27.14
53.33
8.81
25.00
42.14
33.81
73.33
42.14
33.81
57.14
72.14
43.81
54.76
40.00
84.52
55.24
55.24
45.24
56.67
20.71
50.48
47.38
67.62
54.52
42.38
52.86
0.00
64.52
51.90
50.95
78.81
53.57
61.43
21.67
0.00
41.90
57.62
96.67
3.33
80.71
58.57
17.38
47.14
0.00
40.48
58.81
29.76
61.19
68.81
53.33
50.71
64.76
62.38
40.48
39.52
54.29
26.90
68.10
58.57
41.90
55.48
67.38
33.81
77.62
20.95
52.14
65.24
73.10
35.48
43.10
28.81
62.38
43.10
38.33
50.71
58.81
58.57
51.19
22.14
28.10
47.62
47.62
58.57
67.38
59.52
58.10
54.29
35.48
54.05
59.76
24.76
78.57
72.38
36.43
60.48
52.86
36.19
24.52
35.00
60.24
0.00
28.81
77.62
58.57
46.67
45.24
83.33
33.81
62.00
33.81
88.33
38.33
57.86
73.81
35.95
79.52
38.33
69.76
27.86
40.00
57.86
42.62
88.33
46.90
22.62
74.05
47.86
65.95
45.24
62.14
39.52
77.14
46.67
58.57
59.29
40.00
28.81
65.71
35.95
59.76
85.95
54.76
77.14
39.76
56.90
22.86
74.05
63.81
48.57
40.00
59.05
45.00
82.14
45.00
35.48
38.10
48.10
72.14
19.05
85.48
49.52
50.24