69.05
61.24
61.42
75.55
80.19
47.86
54.31
56.75
40.00
44.53
21.12
53.44
70.72
66.06
67.64
53.56
0.00
45.94
58.95
77.30
61.50
50.42
47.57
40.00
40.00
57.94
35.92
58.99
83.41
52.73
58.76
64.68
60.23
55.84
65.26
40.00
54.83
51.36
63.57
59.51
40.32
68.93
55.77
34.05
70.65
55.44
70.69
77.11
63.76
70.11
72.05
64.18
57.90
40.00
62.39
66.28
55.58
68.98
42.61
44.48
47.48
52.79
69.00
57.19
62.31
70.65
47.96
39.03
59.26
64.10
63.79
70.82
75.18
54.47
0.00
45.40
53.75
75.36
-1.00
84.10
79.19
50.37
41.57
0.00
35.99
66.87
49.49
51.38
73.20
73.12
70.58
70.97
74.75
41.97
78.46
77.07
74.93
73.10
40.03
0.00
72.47
80.41
54.59
84.55
56.61
48.40
80.21
72.58
65.63
49.78
34.00
57.86
55.93
57.31
44.99
56.73
19.44
61.46
60.00
75.31
73.94
40.46
78.91
41.33
64.35
50.95
49.05
64.71
57.89
59.45
41.72
65.40
63.34
49.16
65.15
56.00
55.76
79.59
35.00
62.90
0.00
61.10
74.85
62.26
73.76
47.65
75.09
58.80
68.00
45.75
75.55
59.73
55.03
77.00
67.39
83.26
61.40
58.30
52.37
40.00
57.89
29.16
82.04
74.69
30.94
53.36
65.54
53.59
61.16
75.30
42.84
61.64
40.77
60.79
69.64
40.00
40.78
78.22
55.27
61.40
72.54
67.22
75.68
69.67
55.54
26.21
73.46
71.10
68.93
40.00
56.98
65.53
68.43
73.90
59.75
22.60
57.49
67.57
71.93
81.62
52.57
63.32