255.000000
0.000000
0.000000
0.000000
0.000000
212.500000
170.000000
127.500000
85.000000
42.500000
0.000000
0.000000
0.000000
0.000000
0.000000
0.000000
0.000000
0.000000
0.000000
0.000000
0.000000
0.000000
0.000000
0.000000
0.000000
212.500000
170.000000
127.500000
85.000000
42.500000
212.500000
170.000000
127.500000
85.000000
42.500000
0.000000
0.000000
0.000000
0.000000
0.000000
212.500000
170.000000
127.500000
85.000000
42.500000
170.000000
127.500000
85.000000
42.500000
127.500000
85.000000
42.500000
85.000000
42.500000
42.500000
170.000000
127.500000
85.000000
42.500000
127.500000
85.000000
42.500000
85.000000
42.500000
42.500000
170.000000
127.500000
85.000000
42.500000
127.500000
85.000000
42.500000
85.000000
42.500000
42.500000
170.000000
127.500000
85.000000
42.500000
127.500000
85.000000
42.500000
85.000000
42.500000
42.500000
