8.320000000000000284e+01
8.481999999999999318e+01
8.506000000000000227e+01
8.595000000000000284e+01
8.670000000000000284e+01
8.559000000000000341e+01
8.376000000000000512e+01
8.150000000000000000e+01
7.990000000000000568e+01
7.626999999999999602e+01
7.640999999999999659e+01
7.695000000000000284e+01
7.696999999999999886e+01
7.723999999999999488e+01
7.828000000000000114e+01
7.800000000000000000e+01
7.575000000000000000e+01
7.415000000000000568e+01
7.418000000000000682e+01
7.520000000000000284e+01
7.576000000000000512e+01
7.698000000000000398e+01
7.818999999999999773e+01
7.884999999999999432e+01
7.920000000000000284e+01
7.829999999999999716e+01
7.776000000000000512e+01
7.593999999999999773e+01
7.287999999999999545e+01
7.029000000000000625e+01
6.676999999999999602e+01
6.543999999999999773e+01
6.282000000000000028e+01
6.100000000000000000e+01
5.970000000000000284e+01
5.850000000000000000e+01
5.820000000000000284e+01
5.910999999999999943e+01
5.503000000000000114e+01
5.624000000000000199e+01
6.236999999999999744e+01
5.610999999999999943e+01
5.654999999999999716e+01
5.965999999999999659e+01
6.177000000000000313e+01
6.377000000000000313e+01
6.509000000000000341e+01
6.587999999999999545e+01
6.587000000000000455e+01
6.712000000000000455e+01
7.000000000000000000e+01
7.218999999999999773e+01
7.493000000000000682e+01
7.873999999999999488e+01
8.393000000000000682e+01
8.773999999999999488e+01
9.034999999999999432e+01
9.384000000000000341e+01
9.756000000000000227e+01
1.010999999999999943e+02
8.400000000000000000e+01
8.490000000000000568e+01
8.529999999999999716e+01
8.629999999999999716e+01
8.709000000000000341e+01
8.667000000000000171e+01
8.637000000000000455e+01
8.498999999999999488e+01
8.540999999999999659e+01
7.887000000000000455e+01
7.926000000000000512e+01
8.087000000000000455e+01
8.121999999999999886e+01
7.971999999999999886e+01
8.395999999999999375e+01
8.478000000000000114e+01
8.273000000000000398e+01
7.529000000000000625e+01
7.593000000000000682e+01
7.620000000000000284e+01
7.600000000000000000e+01
7.687999999999999545e+01
7.904000000000000625e+01
8.067000000000000171e+01
7.971999999999999886e+01
7.956999999999999318e+01
7.850000000000000000e+01
7.556000000000000227e+01
7.381999999999999318e+01
7.214000000000000057e+01
6.925000000000000000e+01
6.523000000000000398e+01
6.234000000000000341e+01
6.045000000000000284e+01
6.014000000000000057e+01
6.045000000000000284e+01
7.243000000000000682e+01
9.176999999999999602e+01
1.124699999999999989e+02
1.390099999999999909e+02
1.450399999999999920e+02
1.475999999999999943e+02
1.549600000000000080e+02
1.587800000000000011e+02
1.600500000000000114e+02
1.577199999999999989e+02
1.527199999999999989e+02
1.442500000000000000e+02
1.325099999999999909e+02
1.188700000000000045e+02
1.021599999999999966e+02
8.448999999999999488e+01
7.112000000000000455e+01
7.350000000000000000e+01
7.826999999999999602e+01
8.275000000000000000e+01
8.645000000000000284e+01
8.915000000000000568e+01
9.168999999999999773e+01
9.570999999999999375e+01
8.459999999999999432e+01
8.495999999999999375e+01
8.512000000000000455e+01
8.534999999999999432e+01
8.495000000000000284e+01
8.523999999999999488e+01
8.701999999999999602e+01
8.804000000000000625e+01
8.954999999999999716e+01
9.209000000000000341e+01
1.017000000000000028e+02
1.221200000000000045e+02
1.277000000000000028e+02
1.192999999999999972e+02
1.236500000000000057e+02
1.247900000000000063e+02
1.223599999999999994e+02
8.984000000000000341e+01
8.518999999999999773e+01
8.135999999999999943e+01
7.596999999999999886e+01
7.723999999999999488e+01
8.201999999999999602e+01
8.418999999999999773e+01
8.025000000000000000e+01
8.753000000000000114e+01
9.420999999999999375e+01
1.096800000000000068e+02
1.087699999999999960e+02
9.004000000000000625e+01
9.201000000000000512e+01
8.856000000000000227e+01
1.004500000000000028e+02
1.276500000000000057e+02
1.636299999999999955e+02
1.906299999999999955e+02
2.030099999999999909e+02
2.030200000000000102e+02
2.030300000000000011e+02
2.030000000000000000e+02
2.030000000000000000e+02
2.030000000000000000e+02
2.030000000000000000e+02
2.030000000000000000e+02
2.030000000000000000e+02
2.030000000000000000e+02
2.030000000000000000e+02
2.030000000000000000e+02
2.030000000000000000e+02
2.029199999999999875e+02
2.030500000000000114e+02
2.029799999999999898e+02
1.946500000000000057e+02
1.684900000000000091e+02
1.401200000000000045e+02
1.095999999999999943e+02
8.340999999999999659e+01
8.437000000000000455e+01
8.718000000000000682e+01
9.001999999999999602e+01
8.451999999999999602e+01
8.420000000000000284e+01
8.509000000000000341e+01
8.515999999999999659e+01
8.451999999999999602e+01
8.864000000000000057e+01
9.482999999999999829e+01
1.147699999999999960e+02
1.251500000000000057e+02
1.400600000000000023e+02
1.529399999999999977e+02
2.040099999999999909e+02
2.082700000000000102e+02
2.039799999999999898e+02
2.070099999999999909e+02
2.112700000000000102e+02
2.038300000000000125e+02
1.785200000000000102e+02
1.636399999999999864e+02
1.387800000000000011e+02
9.675000000000000000e+01
8.981999999999999318e+01
1.008400000000000034e+02
1.085999999999999943e+02
1.450000000000000000e+02
1.880500000000000114e+02
2.055500000000000114e+02
2.113100000000000023e+02
2.140800000000000125e+02
2.023499999999999943e+02
1.987100000000000080e+02
2.008700000000000045e+02
2.029799999999999898e+02
2.030300000000000011e+02
2.030000000000000000e+02
2.030000000000000000e+02
2.030000000000000000e+02
2.030000000000000000e+02
2.030000000000000000e+02
2.030000000000000000e+02
2.030000000000000000e+02
2.030000000000000000e+02
2.030000000000000000e+02
2.030000000000000000e+02
2.030000000000000000e+02
2.030000000000000000e+02
2.030000000000000000e+02
2.030000000000000000e+02
2.030000000000000000e+02
2.030000000000000000e+02
2.030000000000000000e+02
2.030000000000000000e+02
2.030000000000000000e+02
2.029799999999999898e+02
2.030399999999999920e+02
2.030300000000000011e+02
1.965800000000000125e+02
1.614000000000000057e+02
1.196700000000000017e+02
8.837999999999999545e+01
8.496999999999999886e+01
8.320999999999999375e+01
8.515000000000000568e+01
1.003400000000000034e+02
1.120600000000000023e+02
1.216899999999999977e+02
1.491699999999999875e+02
1.812500000000000000e+02
1.854099999999999966e+02
1.946100000000000136e+02
2.095300000000000011e+02
2.222100000000000080e+02
2.233499999999999943e+02
2.196200000000000045e+02
2.195999999999999943e+02
2.235200000000000102e+02
2.234000000000000057e+02
2.261100000000000136e+02
2.196500000000000057e+02
2.161399999999999864e+02
2.031399999999999864e+02
1.800099999999999909e+02
1.788400000000000034e+02
2.037500000000000000e+02
2.200600000000000023e+02
2.192500000000000000e+02
2.110900000000000034e+02
2.053100000000000023e+02
2.045300000000000011e+02
2.029600000000000080e+02
2.030000000000000000e+02
2.030000000000000000e+02
2.030000000000000000e+02
2.030000000000000000e+02
2.030000000000000000e+02
2.030000000000000000e+02
2.030000000000000000e+02
2.030000000000000000e+02
2.030000000000000000e+02
2.030000000000000000e+02
2.030000000000000000e+02
2.030000000000000000e+02
2.030000000000000000e+02
2.030000000000000000e+02
2.030000000000000000e+02
2.030000000000000000e+02
2.030000000000000000e+02
2.030000000000000000e+02
2.030000000000000000e+02
2.030000000000000000e+02
2.030000000000000000e+02
2.030000000000000000e+02
2.030000000000000000e+02
2.030000000000000000e+02
2.030000000000000000e+02
2.030000000000000000e+02
2.030000000000000000e+02
2.030000000000000000e+02
2.029900000000000091e+02
1.904099999999999966e+02
8.656999999999999318e+01
8.868999999999999773e+01
1.042800000000000011e+02
1.415699999999999932e+02
1.869900000000000091e+02
2.004300000000000068e+02
2.080099999999999909e+02
2.169900000000000091e+02
2.092800000000000011e+02
2.132899999999999920e+02
2.164199999999999875e+02
2.213300000000000125e+02
2.198199999999999932e+02
2.200099999999999909e+02
2.189000000000000057e+02
2.197299999999999898e+02
2.158899999999999864e+02
2.184099999999999966e+02
2.199799999999999898e+02
2.181399999999999864e+02
2.230800000000000125e+02
2.258400000000000034e+02
2.229499999999999886e+02
2.214300000000000068e+02
2.183000000000000114e+02
2.098100000000000023e+02
2.031399999999999864e+02
2.030099999999999909e+02
2.030000000000000000e+02
2.030000000000000000e+02
2.030000000000000000e+02
2.030000000000000000e+02
2.030000000000000000e+02
2.030000000000000000e+02
2.030000000000000000e+02
2.030000000000000000e+02
2.030000000000000000e+02
2.030000000000000000e+02
2.030000000000000000e+02
2.030000000000000000e+02
2.030000000000000000e+02
2.030000000000000000e+02
2.030000000000000000e+02
2.030000000000000000e+02
2.030000000000000000e+02
2.030000000000000000e+02
2.030000000000000000e+02
2.030000000000000000e+02
2.030000000000000000e+02
2.030000000000000000e+02
2.030000000000000000e+02
2.030000000000000000e+02
2.030000000000000000e+02
2.030000000000000000e+02
2.030000000000000000e+02
2.030000000000000000e+02
2.030000000000000000e+02
2.030000000000000000e+02
2.030000000000000000e+02
2.030000000000000000e+02
9.190000000000000568e+01
1.160699999999999932e+02
1.571100000000000136e+02
1.992299999999999898e+02
2.100200000000000102e+02
2.111999999999999886e+02
2.080699999999999932e+02
2.121800000000000068e+02
2.169099999999999966e+02
2.210399999999999920e+02
2.151899999999999977e+02
2.174499999999999886e+02
2.154099999999999966e+02
2.124600000000000080e+02
2.150399999999999920e+02
2.202700000000000102e+02
2.182700000000000102e+02
2.162500000000000000e+02
2.106599999999999966e+02
2.002400000000000091e+02
1.917500000000000000e+02
2.005000000000000000e+02
2.051299999999999955e+02
2.091699999999999875e+02
2.041200000000000045e+02
2.029499999999999886e+02
2.030000000000000000e+02
2.030000000000000000e+02
2.030000000000000000e+02
2.030000000000000000e+02
2.030000000000000000e+02
2.030000000000000000e+02
2.030000000000000000e+02
2.030000000000000000e+02
2.030000000000000000e+02
2.030000000000000000e+02
2.030000000000000000e+02
2.030000000000000000e+02
2.030000000000000000e+02
2.030000000000000000e+02
2.030000000000000000e+02
2.030000000000000000e+02
2.030000000000000000e+02
2.030000000000000000e+02
2.030000000000000000e+02
2.030000000000000000e+02
2.030000000000000000e+02
2.030000000000000000e+02
2.030000000000000000e+02
2.030000000000000000e+02
2.030000000000000000e+02
2.030000000000000000e+02
2.030000000000000000e+02
2.030000000000000000e+02
2.030000000000000000e+02
2.030000000000000000e+02
2.030000000000000000e+02
2.030000000000000000e+02
2.030000000000000000e+02
2.030000000000000000e+02
1.087500000000000000e+02
1.513199999999999932e+02
2.023600000000000136e+02
2.263199999999999932e+02
2.258400000000000034e+02
2.235000000000000000e+02
2.228300000000000125e+02
2.167800000000000011e+02
2.138700000000000045e+02
2.064699999999999989e+02
2.031999999999999886e+02
2.077299999999999898e+02
2.070200000000000102e+02
2.088199999999999932e+02
2.021899999999999977e+02
2.029699999999999989e+02
2.083799999999999955e+02
2.100200000000000102e+02
2.020800000000000125e+02
1.993600000000000136e+02
1.783100000000000023e+02
1.822100000000000080e+02
1.831500000000000057e+02
2.026699999999999875e+02
2.029799999999999898e+02
2.030000000000000000e+02
2.030000000000000000e+02
2.030000000000000000e+02
2.030000000000000000e+02
2.030000000000000000e+02
2.030000000000000000e+02
2.030000000000000000e+02
2.030000000000000000e+02
2.030000000000000000e+02
2.030000000000000000e+02
2.030000000000000000e+02
2.030000000000000000e+02
2.030000000000000000e+02
2.030000000000000000e+02
2.030000000000000000e+02
2.030000000000000000e+02
2.030000000000000000e+02
2.030000000000000000e+02
2.030000000000000000e+02
2.030000000000000000e+02
2.030000000000000000e+02
2.030000000000000000e+02
2.030000000000000000e+02
2.030000000000000000e+02
2.030000000000000000e+02
2.030000000000000000e+02
2.030000000000000000e+02
2.030000000000000000e+02
2.030000000000000000e+02
2.030000000000000000e+02
2.030000000000000000e+02
2.030000000000000000e+02
2.030000000000000000e+02
2.030000000000000000e+02
2.030000000000000000e+02
1.500699999999999932e+02
2.029399999999999977e+02
2.271599999999999966e+02
2.297500000000000000e+02
2.275399999999999920e+02
2.266299999999999955e+02
2.190200000000000102e+02
2.159699999999999989e+02
2.080500000000000114e+02
2.044199999999999875e+02
1.991399999999999864e+02
1.993199999999999932e+02
1.999000000000000057e+02
2.088600000000000136e+02
2.050200000000000102e+02
1.979000000000000057e+02
1.816999999999999886e+02
1.906800000000000068e+02
1.955999999999999943e+02
1.848499999999999943e+02
1.784300000000000068e+02
1.645000000000000000e+02
2.004699999999999989e+02
2.030000000000000000e+02
2.030000000000000000e+02
2.030000000000000000e+02
2.030000000000000000e+02
2.030000000000000000e+02
2.030000000000000000e+02
2.030000000000000000e+02
2.030000000000000000e+02
2.030000000000000000e+02
2.030000000000000000e+02
2.030000000000000000e+02
2.030000000000000000e+02
2.030000000000000000e+02
2.030000000000000000e+02
2.030000000000000000e+02
2.030000000000000000e+02
2.030000000000000000e+02
2.030000000000000000e+02
2.030000000000000000e+02
2.030000000000000000e+02
2.030000000000000000e+02
2.030000000000000000e+02
2.030000000000000000e+02
2.030000000000000000e+02
2.030000000000000000e+02
2.030000000000000000e+02
2.030000000000000000e+02
2.030000000000000000e+02
2.030000000000000000e+02
2.030000000000000000e+02
2.030000000000000000e+02
2.030000000000000000e+02
2.030000000000000000e+02
2.030000000000000000e+02
2.030000000000000000e+02
2.030000000000000000e+02
2.030000000000000000e+02
2.102599999999999909e+02
2.282599999999999909e+02
2.276699999999999875e+02
2.283100000000000023e+02
2.278899999999999864e+02
2.299000000000000057e+02
2.316100000000000136e+02
2.249399999999999977e+02
2.168799999999999955e+02
1.989199999999999875e+02
1.887899999999999920e+02
1.891299999999999955e+02
1.887599999999999909e+02
1.988600000000000136e+02
2.011999999999999886e+02
1.866399999999999864e+02
1.744600000000000080e+02
1.822899999999999920e+02
1.782400000000000091e+02
1.865999999999999943e+02
1.692100000000000080e+02
1.941200000000000045e+02
2.030500000000000114e+02
2.030000000000000000e+02
2.030000000000000000e+02
2.030000000000000000e+02
2.029900000000000091e+02
2.029099999999999966e+02
2.030200000000000102e+02
2.030099999999999909e+02
2.030000000000000000e+02
2.030000000000000000e+02
2.030000000000000000e+02
2.030000000000000000e+02
2.030000000000000000e+02
2.030000000000000000e+02
2.030000000000000000e+02
2.030000000000000000e+02
2.030000000000000000e+02
2.030000000000000000e+02
2.030000000000000000e+02
2.030000000000000000e+02
2.030000000000000000e+02
2.030000000000000000e+02
2.030000000000000000e+02
2.030000000000000000e+02
2.030000000000000000e+02
2.030000000000000000e+02
2.030000000000000000e+02
2.030000000000000000e+02
2.030000000000000000e+02
2.030099999999999909e+02
2.030200000000000102e+02
2.029399999999999977e+02
2.030600000000000023e+02
2.030300000000000011e+02
2.029199999999999875e+02
2.029600000000000080e+02
2.030000000000000000e+02
2.030000000000000000e+02
2.293199999999999932e+02
2.261299999999999955e+02
2.099900000000000091e+02
2.056100000000000136e+02
2.073400000000000034e+02
2.045399999999999920e+02
2.072899999999999920e+02
2.093000000000000114e+02
2.103199999999999932e+02
1.958000000000000114e+02
1.677700000000000102e+02
1.622100000000000080e+02
1.775099999999999909e+02
1.586500000000000057e+02
1.733400000000000034e+02
1.653100000000000023e+02
1.634199999999999875e+02
1.696299999999999955e+02
1.564699999999999989e+02
1.600500000000000114e+02
1.834099999999999966e+02
2.030000000000000000e+02
2.030000000000000000e+02
2.030000000000000000e+02
2.030000000000000000e+02
2.030000000000000000e+02
2.030800000000000125e+02
9.748999999999999488e+01
1.212900000000000063e+02
1.288799999999999955e+02
1.820200000000000102e+02
1.918499999999999943e+02
1.812199999999999989e+02
1.619399999999999977e+02
1.889199999999999875e+02
1.901699999999999875e+02
1.840800000000000125e+02
2.029399999999999977e+02
1.694099999999999966e+02
1.887299999999999898e+02
1.633499999999999943e+02
1.860000000000000000e+02
1.662800000000000011e+02
1.779099999999999966e+02
2.030099999999999909e+02
1.759000000000000057e+02
1.767100000000000080e+02
1.643899999999999864e+02
1.966599999999999966e+02
1.573000000000000114e+02
1.942899999999999920e+02
1.454300000000000068e+02
1.239000000000000057e+02
1.765600000000000023e+02
1.162800000000000011e+02
9.051999999999999602e+01
1.734099999999999966e+02
1.290300000000000011e+02
1.692199999999999989e+02
1.841999999999999886e+02
2.091100000000000136e+02
1.890200000000000102e+02
1.876699999999999875e+02
2.008700000000000045e+02
1.985500000000000114e+02
2.064699999999999989e+02
2.123199999999999932e+02
2.136100000000000136e+02
2.077299999999999898e+02
2.081699999999999875e+02
1.715500000000000114e+02
1.394799999999999898e+02
1.456100000000000136e+02
1.449399999999999977e+02
1.432299999999999898e+02
1.560099999999999909e+02
1.505800000000000125e+02
1.532800000000000011e+02
1.466500000000000057e+02
1.525000000000000000e+02
1.964600000000000080e+02
2.030000000000000000e+02
2.030000000000000000e+02
2.030000000000000000e+02
2.030000000000000000e+02
2.030000000000000000e+02
2.030999999999999943e+02
8.681000000000000227e+01
1.006500000000000057e+02
1.620800000000000125e+02
1.438899999999999864e+02
6.896999999999999886e+01
6.789000000000000057e+01
1.195000000000000000e+02
7.418000000000000682e+01
1.377599999999999909e+02
1.094500000000000028e+02
1.795900000000000034e+02
9.435999999999999943e+01
1.263599999999999994e+02
7.514000000000000057e+01
8.267000000000000171e+01
7.064000000000000057e+01
8.193999999999999773e+01
2.030099999999999909e+02
6.654999999999999716e+01
7.262999999999999545e+01
6.227000000000000313e+01
1.066099999999999994e+02
6.167999999999999972e+01
5.781000000000000227e+01
1.190400000000000063e+02
1.160400000000000063e+02
1.732800000000000011e+02
9.551000000000000512e+01
6.901000000000000512e+01
7.785999999999999943e+01
9.082999999999999829e+01
6.700000000000000000e+01
1.035799999999999983e+02
1.538300000000000125e+02
1.294699999999999989e+02
1.245400000000000063e+02
1.444900000000000091e+02
1.597100000000000080e+02
1.896200000000000045e+02
1.984099999999999966e+02
1.963400000000000034e+02
2.024399999999999977e+02
2.091500000000000057e+02
1.667299999999999898e+02
1.471599999999999966e+02
1.220199999999999960e+02
1.392800000000000011e+02
1.476399999999999864e+02
1.451899999999999977e+02
1.408400000000000034e+02
1.416100000000000136e+02
1.425900000000000034e+02
1.377500000000000000e+02
2.029699999999999989e+02
2.030000000000000000e+02
2.030000000000000000e+02
2.030000000000000000e+02
2.030000000000000000e+02
2.030000000000000000e+02
2.029900000000000091e+02
1.219099999999999966e+02
1.394000000000000057e+02
1.834199999999999875e+02
1.912299999999999898e+02
5.161999999999999744e+01
1.514199999999999875e+02
9.823999999999999488e+01
1.435099999999999909e+02
9.378000000000000114e+01
1.377800000000000011e+02
1.961999999999999886e+02
1.003900000000000006e+02
1.139200000000000017e+02
1.014300000000000068e+02
1.165100000000000051e+02
1.286500000000000057e+02
1.247399999999999949e+02
2.029900000000000091e+02
1.249399999999999977e+02
1.472299999999999898e+02
1.055499999999999972e+02
1.278100000000000023e+02
1.028900000000000006e+02
1.167000000000000028e+02
9.745999999999999375e+01
1.422400000000000091e+02
1.946800000000000068e+02
1.054800000000000040e+02
1.249599999999999937e+02
1.245900000000000034e+02
1.248700000000000045e+02
1.101700000000000017e+02
1.213599999999999994e+02
1.329399999999999977e+02
1.323400000000000034e+02
1.276899999999999977e+02
1.363899999999999864e+02
1.686200000000000045e+02
1.824499999999999886e+02
2.020399999999999920e+02
2.035099999999999909e+02
1.815600000000000023e+02
1.750699999999999932e+02
2.033300000000000125e+02
1.566500000000000057e+02
1.428000000000000114e+02
1.212199999999999989e+02
1.443799999999999955e+02
1.604799999999999898e+02
1.592500000000000000e+02
1.318899999999999864e+02
1.401599999999999966e+02
1.495699999999999932e+02
2.030600000000000023e+02
2.030000000000000000e+02
2.030000000000000000e+02
2.030000000000000000e+02
2.030000000000000000e+02
2.030000000000000000e+02
2.030000000000000000e+02
2.030000000000000000e+02
2.030000000000000000e+02
2.030099999999999909e+02
1.776399999999999864e+02
1.711999999999999886e+02
2.030200000000000102e+02
2.030000000000000000e+02
2.030000000000000000e+02
2.030000000000000000e+02
2.030000000000000000e+02
2.030000000000000000e+02
2.030000000000000000e+02
2.030000000000000000e+02
2.030000000000000000e+02
2.030000000000000000e+02
2.030000000000000000e+02
2.030000000000000000e+02
2.030000000000000000e+02
2.030000000000000000e+02
2.030000000000000000e+02
2.030000000000000000e+02
2.030000000000000000e+02
2.030000000000000000e+02
2.030000000000000000e+02
2.030000000000000000e+02
2.030000000000000000e+02
2.030000000000000000e+02
2.030000000000000000e+02
2.030000000000000000e+02
2.030000000000000000e+02
2.030000000000000000e+02
2.030000000000000000e+02
2.030000000000000000e+02
1.272199999999999989e+02
1.159800000000000040e+02
1.245499999999999972e+02
1.382800000000000011e+02
1.766399999999999864e+02
2.000699999999999932e+02
2.039699999999999989e+02
2.038100000000000023e+02
1.979199999999999875e+02
1.613300000000000125e+02
1.356699999999999875e+02
2.028000000000000114e+02
1.854399999999999977e+02
1.454099999999999966e+02
1.334600000000000080e+02
1.627800000000000011e+02
1.783300000000000125e+02
1.355200000000000102e+02
1.379699999999999989e+02
1.347100000000000080e+02
2.030200000000000102e+02
2.030000000000000000e+02
2.030000000000000000e+02
2.030000000000000000e+02
2.030000000000000000e+02
2.030000000000000000e+02
2.030000000000000000e+02
2.030000000000000000e+02
2.030000000000000000e+02
2.030000000000000000e+02
2.030000000000000000e+02
2.030000000000000000e+02
2.030000000000000000e+02
2.030000000000000000e+02
2.030000000000000000e+02
1.766999999999999886e+02
1.660000000000000000e+02
1.305600000000000023e+02
1.463100000000000023e+02
1.977899999999999920e+02
2.030099999999999909e+02
1.459300000000000068e+02
1.458700000000000045e+02
2.030000000000000000e+02
2.030200000000000102e+02
1.458600000000000136e+02
2.030000000000000000e+02
2.030800000000000125e+02
2.030200000000000102e+02
2.031299999999999955e+02
2.029699999999999989e+02
2.029600000000000080e+02
2.029600000000000080e+02
2.030000000000000000e+02
2.030000000000000000e+02
2.030000000000000000e+02
2.030000000000000000e+02
2.030000000000000000e+02
2.030000000000000000e+02
2.030000000000000000e+02
1.280000000000000000e+02
9.665999999999999659e+01
8.993999999999999773e+01
1.182500000000000000e+02
1.658499999999999943e+02
1.856800000000000068e+02
1.970999999999999943e+02
2.057100000000000080e+02
2.126699999999999875e+02
1.801299999999999955e+02
1.334199999999999875e+02
1.419199999999999875e+02
2.023499999999999943e+02
1.972500000000000000e+02
1.671899999999999977e+02
1.589399999999999977e+02
1.799799999999999898e+02
1.817199999999999989e+02
1.484399999999999977e+02
1.527500000000000000e+02
2.025600000000000023e+02
2.030000000000000000e+02
2.030000000000000000e+02
2.030000000000000000e+02
2.030000000000000000e+02
2.030000000000000000e+02
2.030000000000000000e+02
2.030000000000000000e+02
2.030000000000000000e+02
2.030000000000000000e+02
2.030000000000000000e+02
2.030000000000000000e+02
2.030000000000000000e+02
2.030000000000000000e+02
2.030000000000000000e+02
1.898100000000000023e+02
6.867000000000000171e+01
3.162000000000000099e+01
8.493000000000000682e+01
9.440999999999999659e+01
1.051899999999999977e+02
9.085999999999999943e+01
9.104000000000000625e+01
1.986699999999999875e+02
8.823999999999999488e+01
6.656999999999999318e+01
1.089500000000000028e+02
9.343999999999999773e+01
1.042999999999999972e+02
8.364000000000000057e+01
1.210499999999999972e+02
8.312000000000000455e+01
1.826399999999999864e+02
2.030000000000000000e+02
2.030000000000000000e+02
2.030000000000000000e+02
2.030000000000000000e+02
2.030000000000000000e+02
2.030000000000000000e+02
2.030000000000000000e+02
9.303000000000000114e+01
6.528000000000000114e+01
2.535000000000000142e+01
4.500000000000000000e+01
1.070400000000000063e+02
1.464600000000000080e+02
1.683400000000000034e+02
1.983300000000000125e+02
2.019199999999999875e+02
1.850099999999999909e+02
1.484000000000000057e+02
1.124099999999999966e+02
1.382400000000000091e+02
2.165000000000000000e+02
2.024199999999999875e+02
2.152599999999999909e+02
1.970399999999999920e+02
1.882599999999999909e+02
1.801999999999999886e+02
1.445399999999999920e+02
1.944600000000000080e+02
2.029799999999999898e+02
2.030000000000000000e+02
2.030000000000000000e+02
2.030000000000000000e+02
2.030000000000000000e+02
2.030000000000000000e+02
2.030000000000000000e+02
2.030000000000000000e+02
2.030000000000000000e+02
2.030000000000000000e+02
2.030000000000000000e+02
2.030000000000000000e+02
2.030000000000000000e+02
2.030000000000000000e+02
2.030200000000000102e+02
4.507000000000000028e+01
1.085199999999999960e+02
8.723000000000000398e+01
5.096000000000000085e+01
8.654000000000000625e+01
9.082999999999999829e+01
9.098000000000000398e+01
1.931999999999999886e+02
7.731999999999999318e+01
6.867000000000000171e+01
8.360999999999999943e+01
7.839000000000000057e+01
8.410999999999999943e+01
1.234800000000000040e+02
6.887000000000000455e+01
6.556999999999999318e+01
1.730900000000000034e+02
2.030000000000000000e+02
2.030000000000000000e+02
2.030000000000000000e+02
2.030000000000000000e+02
2.030000000000000000e+02
2.030000000000000000e+02
2.030000000000000000e+02
1.083599999999999994e+02
6.756999999999999318e+01
4.189000000000000057e+01
3.779999999999999716e+01
1.304699999999999989e+02
1.689300000000000068e+02
1.937899999999999920e+02
2.110300000000000011e+02
1.837100000000000080e+02
1.707899999999999920e+02
1.275600000000000023e+02
1.120999999999999943e+02
1.223599999999999994e+02
1.708400000000000034e+02
2.018600000000000136e+02
2.105399999999999920e+02
2.156299999999999955e+02
1.956699999999999875e+02
1.858400000000000034e+02
1.685500000000000114e+02
1.583000000000000114e+02
2.024600000000000080e+02
2.030000000000000000e+02
2.030000000000000000e+02
2.030000000000000000e+02
2.030000000000000000e+02
2.030000000000000000e+02
2.030000000000000000e+02
2.030000000000000000e+02
2.030000000000000000e+02
2.030000000000000000e+02
2.030000000000000000e+02
2.030000000000000000e+02
2.030000000000000000e+02
2.030000000000000000e+02
2.030000000000000000e+02
1.900500000000000114e+02
1.988799999999999955e+02
1.943100000000000023e+02
1.912199999999999989e+02
1.931500000000000057e+02
1.919900000000000091e+02
1.919099999999999966e+02
2.030600000000000023e+02
1.868100000000000023e+02
1.895300000000000011e+02
1.951500000000000057e+02
1.895500000000000114e+02
1.921800000000000068e+02
1.950200000000000102e+02
1.979099999999999966e+02
1.834799999999999898e+02
2.029799999999999898e+02
2.030000000000000000e+02
2.030000000000000000e+02
2.030000000000000000e+02
2.030000000000000000e+02
2.030000000000000000e+02
2.030000000000000000e+02
2.030000000000000000e+02
1.057800000000000011e+02
6.937000000000000455e+01
1.250400000000000063e+02
1.713600000000000136e+02
1.988899999999999864e+02
2.030300000000000011e+02
2.098600000000000136e+02
1.771500000000000057e+02
1.773799999999999955e+02
1.653899999999999864e+02
1.424699999999999989e+02
1.239800000000000040e+02
1.249000000000000057e+02
1.370900000000000034e+02
1.720500000000000114e+02
2.001800000000000068e+02
2.086299999999999955e+02
2.057500000000000000e+02
1.717100000000000080e+02
1.737199999999999989e+02
1.409900000000000091e+02
1.857400000000000091e+02
2.029499999999999886e+02
2.030000000000000000e+02
2.030000000000000000e+02
2.030000000000000000e+02
2.030000000000000000e+02
2.030000000000000000e+02
2.030000000000000000e+02
2.030000000000000000e+02
2.030000000000000000e+02
2.030000000000000000e+02
2.030000000000000000e+02
2.030000000000000000e+02
2.030000000000000000e+02
2.030000000000000000e+02
2.030000000000000000e+02
2.030000000000000000e+02
2.030000000000000000e+02
2.030000000000000000e+02
2.030000000000000000e+02
2.030000000000000000e+02
2.030000000000000000e+02
2.030000000000000000e+02
2.030000000000000000e+02
2.030000000000000000e+02
2.030000000000000000e+02
2.030000000000000000e+02
2.030000000000000000e+02
2.030000000000000000e+02
2.030000000000000000e+02
2.030000000000000000e+02
2.030000000000000000e+02
2.030000000000000000e+02
2.030000000000000000e+02
2.030000000000000000e+02
2.030000000000000000e+02
2.030000000000000000e+02
2.030000000000000000e+02
2.030000000000000000e+02
8.085999999999999943e+01
9.196999999999999886e+01
1.187900000000000063e+02
1.465000000000000000e+02
1.865699999999999932e+02
2.092400000000000091e+02
1.764399999999999977e+02
1.760300000000000011e+02
1.708899999999999864e+02
1.806599999999999966e+02
1.765600000000000023e+02
1.650300000000000011e+02
1.485600000000000023e+02
1.279399999999999977e+02
1.518899999999999864e+02
1.888199999999999932e+02
1.939399999999999977e+02
1.780099999999999909e+02
1.649099999999999966e+02
1.394499999999999886e+02
1.386500000000000057e+02
1.470099999999999909e+02
1.651699999999999875e+02
2.029300000000000068e+02
2.030000000000000000e+02
2.030000000000000000e+02
2.030000000000000000e+02
2.030000000000000000e+02
2.030000000000000000e+02
2.030000000000000000e+02
2.030000000000000000e+02
2.030000000000000000e+02
2.030000000000000000e+02
2.030000000000000000e+02
2.030000000000000000e+02
2.030000000000000000e+02
2.030000000000000000e+02
2.030000000000000000e+02
2.030000000000000000e+02
2.030000000000000000e+02
2.030000000000000000e+02
2.030000000000000000e+02
2.030000000000000000e+02
2.030000000000000000e+02
2.030000000000000000e+02
2.030000000000000000e+02
2.030000000000000000e+02
2.030000000000000000e+02
2.030000000000000000e+02
2.030000000000000000e+02
2.030000000000000000e+02
2.030000000000000000e+02
2.030000000000000000e+02
2.030000000000000000e+02
2.030000000000000000e+02
2.030000000000000000e+02
2.030000000000000000e+02
2.030000000000000000e+02
2.030000000000000000e+02
2.030000000000000000e+02
1.015499999999999972e+02
6.910999999999999943e+01
7.928000000000000114e+01
1.655099999999999909e+02
1.925699999999999932e+02
1.979099999999999966e+02
1.794900000000000091e+02
1.914699999999999989e+02
1.824900000000000091e+02
1.879199999999999875e+02
1.976800000000000068e+02
1.846800000000000068e+02
1.736299999999999955e+02
1.696500000000000057e+02
1.611699999999999875e+02
1.630699999999999932e+02
1.689900000000000091e+02
1.716399999999999864e+02
1.668100000000000023e+02
1.082000000000000028e+02
1.599499999999999886e+02
1.396100000000000136e+02
1.184099999999999966e+02
1.455600000000000023e+02
2.013499999999999943e+02
2.030000000000000000e+02
2.030000000000000000e+02
2.030000000000000000e+02
2.030000000000000000e+02
2.030000000000000000e+02
2.030000000000000000e+02
2.030000000000000000e+02
2.030000000000000000e+02
2.030000000000000000e+02
2.030000000000000000e+02
2.030000000000000000e+02
2.030000000000000000e+02
2.030000000000000000e+02
2.030000000000000000e+02
2.030000000000000000e+02
2.030000000000000000e+02
2.030000000000000000e+02
2.030000000000000000e+02
2.030000000000000000e+02
2.030000000000000000e+02
2.030000000000000000e+02
2.030000000000000000e+02
2.030000000000000000e+02
2.030000000000000000e+02
2.030000000000000000e+02
2.030000000000000000e+02
2.030000000000000000e+02
2.030000000000000000e+02
2.030000000000000000e+02
2.030000000000000000e+02
2.030000000000000000e+02
2.030000000000000000e+02
2.030000000000000000e+02
2.030000000000000000e+02
2.030000000000000000e+02
1.050699999999999932e+02
7.887000000000000455e+01
1.185400000000000063e+02
1.818199999999999932e+02
2.070500000000000114e+02
1.958300000000000125e+02
1.952700000000000102e+02
1.964499999999999886e+02
2.003499999999999943e+02
2.229699999999999989e+02
2.174600000000000080e+02
2.067599999999999909e+02
1.909000000000000057e+02
1.798100000000000023e+02
1.613199999999999932e+02
1.623100000000000023e+02
1.538400000000000034e+02
1.826699999999999875e+02
1.763199999999999932e+02
1.153599999999999994e+02
1.298799999999999955e+02
1.346800000000000068e+02
1.295500000000000114e+02
9.984000000000000341e+01
1.319199999999999875e+02
1.793000000000000114e+02
2.030200000000000102e+02
2.030000000000000000e+02
2.030000000000000000e+02
2.030000000000000000e+02
2.030000000000000000e+02
2.030000000000000000e+02
2.030000000000000000e+02
2.030000000000000000e+02
2.030000000000000000e+02
2.030000000000000000e+02
2.030000000000000000e+02
2.030000000000000000e+02
2.030000000000000000e+02
2.030000000000000000e+02
2.030000000000000000e+02
2.030000000000000000e+02
2.030000000000000000e+02
2.030000000000000000e+02
2.030000000000000000e+02
2.030000000000000000e+02
2.030000000000000000e+02
2.030000000000000000e+02
2.030000000000000000e+02
2.030000000000000000e+02
2.030000000000000000e+02
2.030000000000000000e+02
2.030000000000000000e+02
2.030000000000000000e+02
2.030000000000000000e+02
2.030000000000000000e+02
2.030000000000000000e+02
2.030000000000000000e+02
2.030000000000000000e+02
2.030000000000000000e+02
1.170999999999999943e+02
8.448000000000000398e+01
1.306699999999999875e+02
1.734399999999999977e+02
1.959199999999999875e+02
2.020099999999999909e+02
2.094699999999999989e+02
2.093799999999999955e+02
2.085300000000000011e+02
2.051800000000000068e+02
2.020600000000000023e+02
1.813600000000000136e+02
1.725600000000000023e+02
1.650000000000000000e+02
1.611100000000000136e+02
1.522500000000000000e+02
1.578000000000000114e+02
1.666999999999999886e+02
1.677299999999999898e+02
1.102199999999999989e+02
1.489199999999999875e+02
1.701699999999999875e+02
1.357100000000000080e+02
1.085799999999999983e+02
1.149500000000000028e+02
1.325600000000000023e+02
1.762400000000000091e+02
1.843499999999999943e+02
2.029900000000000091e+02
2.030000000000000000e+02
2.030000000000000000e+02
2.030000000000000000e+02
2.030000000000000000e+02
2.030000000000000000e+02
2.030000000000000000e+02
2.030000000000000000e+02
2.030000000000000000e+02
2.030000000000000000e+02
2.030000000000000000e+02
2.030000000000000000e+02
2.030000000000000000e+02
2.030000000000000000e+02
2.030000000000000000e+02
2.030000000000000000e+02
2.030000000000000000e+02
2.030000000000000000e+02
2.030000000000000000e+02
2.030000000000000000e+02
2.030000000000000000e+02
2.030000000000000000e+02
2.030000000000000000e+02
2.030000000000000000e+02
2.030000000000000000e+02
2.030000000000000000e+02
2.030000000000000000e+02
2.030000000000000000e+02
2.030000000000000000e+02
2.030000000000000000e+02
2.030000000000000000e+02
2.030300000000000011e+02
1.107300000000000040e+02
1.068599999999999994e+02
1.255000000000000000e+02
1.717199999999999989e+02
1.929900000000000091e+02
1.995099999999999909e+02
2.068700000000000045e+02
2.048499999999999943e+02
1.910200000000000102e+02
1.766100000000000136e+02
1.723300000000000125e+02
1.729600000000000080e+02
1.693600000000000136e+02
1.631699999999999875e+02
1.585300000000000011e+02
1.585999999999999943e+02
1.488100000000000023e+02
1.309699999999999989e+02
1.339399999999999977e+02
1.292299999999999898e+02
1.062399999999999949e+02
1.624099999999999966e+02
1.708700000000000045e+02
1.061099999999999994e+02
9.167000000000000171e+01
9.948999999999999488e+01
1.646699999999999875e+02
1.295800000000000125e+02
1.856599999999999966e+02
1.899900000000000091e+02
2.034399999999999977e+02
2.030000000000000000e+02
2.030000000000000000e+02
2.030000000000000000e+02
2.030000000000000000e+02
2.030000000000000000e+02
2.030000000000000000e+02
2.030000000000000000e+02
2.030000000000000000e+02
2.030000000000000000e+02
2.030000000000000000e+02
2.030000000000000000e+02
2.030000000000000000e+02
2.030000000000000000e+02
2.030000000000000000e+02
2.030000000000000000e+02
2.030000000000000000e+02
2.030000000000000000e+02
2.030000000000000000e+02
2.030000000000000000e+02
2.030000000000000000e+02
2.030000000000000000e+02
2.030000000000000000e+02
2.030000000000000000e+02
2.030000000000000000e+02
2.030000000000000000e+02
2.030000000000000000e+02
2.020600000000000023e+02
1.553300000000000125e+02
7.857999999999999829e+01
1.697800000000000011e+02
1.510800000000000125e+02
1.550500000000000114e+02
1.609600000000000080e+02
1.824399999999999977e+02
1.907599999999999909e+02
1.993499999999999943e+02
1.912800000000000011e+02
1.823400000000000034e+02
1.883600000000000136e+02
1.723100000000000023e+02
1.785399999999999920e+02
1.748499999999999943e+02
1.658799999999999955e+02
1.534799999999999898e+02
1.523000000000000114e+02
1.458700000000000045e+02
1.389799999999999898e+02
1.383100000000000023e+02
1.037300000000000040e+02
9.985999999999999943e+01
1.597100000000000080e+02
1.535900000000000034e+02
1.413799999999999955e+02
7.648000000000000398e+01
7.312000000000000455e+01
1.304499999999999886e+02
1.374900000000000091e+02
1.773300000000000125e+02
1.505900000000000034e+02
2.218499999999999943e+02
2.132100000000000080e+02
2.072800000000000011e+02
2.052800000000000011e+02
2.030200000000000102e+02
2.029900000000000091e+02
2.030200000000000102e+02
2.030099999999999909e+02
2.030000000000000000e+02
2.030000000000000000e+02
2.030000000000000000e+02
2.030000000000000000e+02
2.030000000000000000e+02
2.030000000000000000e+02
2.030000000000000000e+02
2.030000000000000000e+02
2.030000000000000000e+02
2.030000000000000000e+02
2.030000000000000000e+02
2.030000000000000000e+02
2.030099999999999909e+02
2.029099999999999966e+02
2.030399999999999920e+02
2.031100000000000136e+02
1.938100000000000023e+02
1.471699999999999875e+02
9.118000000000000682e+01
2.976999999999999957e+01
6.799999999999999822e+00
6.900000000000000355e+00
1.757500000000000000e+02
1.679300000000000068e+02
1.734499999999999886e+02
1.710000000000000000e+02
1.549600000000000080e+02
1.783799999999999955e+02
1.785000000000000000e+02
1.869099999999999966e+02
1.819499999999999886e+02
1.752199999999999989e+02
1.755000000000000000e+02
1.839699999999999989e+02
1.795900000000000034e+02
1.675900000000000034e+02
1.623000000000000114e+02
1.633400000000000034e+02
1.494300000000000068e+02
1.432500000000000000e+02
1.421800000000000068e+02
1.152500000000000000e+02
1.281299999999999955e+02
1.201700000000000017e+02
1.054200000000000017e+02
1.528400000000000034e+02
1.130600000000000023e+02
6.598999999999999488e+01
1.065300000000000011e+02
1.312100000000000080e+02
1.903600000000000136e+02
1.359499999999999886e+02
2.148100000000000023e+02
2.227599999999999909e+02
2.211999999999999886e+02
2.255500000000000114e+02
1.809099999999999966e+02
1.295800000000000125e+02
1.260999999999999943e+02
1.470999999999999943e+02
1.862199999999999989e+02
2.030000000000000000e+02
2.030000000000000000e+02
2.030000000000000000e+02
2.030000000000000000e+02
2.030000000000000000e+02
2.030000000000000000e+02
2.030200000000000102e+02
2.029600000000000080e+02
2.029900000000000091e+02
1.932500000000000000e+02
1.733499999999999943e+02
1.495000000000000000e+02
1.204500000000000028e+02
8.579000000000000625e+01
4.622999999999999687e+01
1.056000000000000050e+01
7.000000000000000000e+00
7.000000000000000000e+00
6.900000000000000355e+00
6.000000000000000000e+00
6.299999999999999822e+00
1.971599999999999966e+02
1.935000000000000000e+02
1.864699999999999989e+02
1.970399999999999920e+02
1.840300000000000011e+02
1.774399999999999977e+02
1.900600000000000023e+02
1.871399999999999864e+02
1.822199999999999989e+02
1.811500000000000057e+02
1.916899999999999977e+02
1.875000000000000000e+02
1.810000000000000000e+02
1.799900000000000091e+02
1.771500000000000057e+02
1.667199999999999989e+02
1.574900000000000091e+02
1.629099999999999966e+02
1.496699999999999875e+02
1.123100000000000023e+02
1.648600000000000136e+02
1.749699999999999989e+02
1.474600000000000080e+02
1.457899999999999920e+02
1.445500000000000114e+02
6.481999999999999318e+01
1.326899999999999977e+02
1.233100000000000023e+02
1.971699999999999875e+02
1.494499999999999886e+02
2.033600000000000136e+02
2.161999999999999886e+02
1.996500000000000057e+02
2.160500000000000114e+02
1.588899999999999864e+02
6.626000000000000512e+01
2.753999999999999915e+01
2.346000000000000085e+01
1.727599999999999909e+02
2.030000000000000000e+02
2.030000000000000000e+02
2.030000000000000000e+02
2.030000000000000000e+02
2.030000000000000000e+02
1.889199999999999875e+02
6.445000000000000284e+01
2.766000000000000014e+01
1.473000000000000043e+01
7.639999999999999680e+00
8.890000000000000568e+00
1.080000000000000071e+01
9.800000000000000711e+00
8.240000000000000213e+00
7.419999999999999929e+00
7.000000000000000000e+00
7.000000000000000000e+00
7.000000000000000000e+00
6.419999999999999929e+00
6.000000000000000000e+00
6.000000000000000000e+00
2.071299999999999955e+02
2.038400000000000034e+02
1.978899999999999864e+02
2.082599999999999909e+02
2.037400000000000091e+02
1.981399999999999864e+02
1.952800000000000011e+02
1.982800000000000011e+02
1.954699999999999989e+02
1.954699999999999989e+02
1.935500000000000114e+02
1.860900000000000034e+02
1.874799999999999898e+02
1.964300000000000068e+02
1.980999999999999943e+02
1.845800000000000125e+02
1.797199999999999989e+02
1.792599999999999909e+02
1.705699999999999932e+02
1.356999999999999886e+02
1.849300000000000068e+02
2.050099999999999909e+02
1.615399999999999920e+02
1.274000000000000057e+02
1.560800000000000125e+02
6.862999999999999545e+01
1.451599999999999966e+02
1.277099999999999937e+02
1.886800000000000068e+02
1.556299999999999955e+02
1.875600000000000023e+02
1.542899999999999920e+02
1.207199999999999989e+02
1.829499999999999886e+02
1.417800000000000011e+02
5.439999999999999858e+01
1.894000000000000128e+01
6.920000000000000284e+01
2.030099999999999909e+02
2.030000000000000000e+02
2.030000000000000000e+02
2.030000000000000000e+02
2.029000000000000057e+02
1.700200000000000102e+02
3.603999999999999915e+01
1.157000000000000028e+01
1.111999999999999922e+01
9.000000000000000000e+00
7.299999999999999822e+00
7.219999999999999751e+00
7.839999999999999858e+00
8.199999999999999289e+00
7.440000000000000391e+00
7.019999999999999574e+00
7.000000000000000000e+00
7.000000000000000000e+00
6.440000000000000391e+00
5.940000000000000391e+00
5.200000000000000178e+00
5.200000000000000178e+00
2.083499999999999943e+02
2.019199999999999875e+02
1.999699999999999989e+02
2.107700000000000102e+02
2.140300000000000011e+02
2.085999999999999943e+02
2.091599999999999966e+02
2.113400000000000034e+02
2.027800000000000011e+02
1.978000000000000114e+02
1.944600000000000080e+02
1.895399999999999920e+02
1.951899999999999977e+02
2.113300000000000125e+02
2.049799999999999898e+02
1.854799999999999898e+02
1.759499999999999886e+02
1.938499999999999943e+02
2.011399999999999864e+02
1.541399999999999864e+02
1.799799999999999898e+02
2.050000000000000000e+02
1.920300000000000011e+02
1.223199999999999932e+02
1.318300000000000125e+02
9.184000000000000341e+01
1.287500000000000000e+02
1.348000000000000114e+02
1.682400000000000091e+02
1.536899999999999977e+02
8.045000000000000284e+01
7.840000000000000568e+01
6.957999999999999829e+01
1.906200000000000045e+02
1.311999999999999886e+02
5.695000000000000284e+01
3.073000000000000043e+01
1.748700000000000045e+02
2.030000000000000000e+02
2.030000000000000000e+02
2.030800000000000125e+02
2.026500000000000057e+02
1.264599999999999937e+02
1.465000000000000036e+01
7.000000000000000000e+00
9.939999999999999503e+00
1.151999999999999957e+01
1.025000000000000000e+01
8.720000000000000639e+00
7.240000000000000213e+00
7.000000000000000000e+00
7.000000000000000000e+00
7.000000000000000000e+00
6.980000000000000426e+00
6.799999999999999822e+00
6.299999999999999822e+00
5.660000000000000142e+00
4.879999999999999893e+00
4.799999999999999822e+00
4.799999999999999822e+00
2.057299999999999898e+02
2.073199999999999932e+02
2.100800000000000125e+02
2.021599999999999966e+02
1.966299999999999955e+02
1.934300000000000068e+02
2.182800000000000011e+02
2.148199999999999932e+02
2.097100000000000080e+02
2.072100000000000080e+02
1.933000000000000114e+02
1.880500000000000114e+02
2.040000000000000000e+02
2.211699999999999875e+02
2.041299999999999955e+02
1.970800000000000125e+02
1.850500000000000114e+02
1.952599999999999909e+02
2.084600000000000080e+02
1.617899999999999920e+02
1.723000000000000114e+02
2.135300000000000011e+02
1.875200000000000102e+02
1.488300000000000125e+02
1.437899999999999920e+02
1.311999999999999886e+02
1.470200000000000102e+02
1.641500000000000057e+02
1.405200000000000102e+02
8.540000000000000568e+01
7.107999999999999829e+01
8.815999999999999659e+01
1.051099999999999994e+02
1.814300000000000068e+02
1.212000000000000028e+02
5.009000000000000341e+01
1.194300000000000068e+02
2.029199999999999875e+02
2.030000000000000000e+02
2.029499999999999886e+02
1.751899999999999977e+02
6.117000000000000171e+01
4.629999999999999893e+00
4.919999999999999929e+00
6.559999999999999609e+00
9.259999999999999787e+00
1.275999999999999979e+01
1.425000000000000000e+01
1.209999999999999964e+01
8.640000000000000568e+00
6.879999999999999893e+00
6.599999999999999645e+00
6.599999999999999645e+00
6.179999999999999716e+00
5.480000000000000426e+00
4.900000000000000355e+00
4.179999999999999716e+00
4.000000000000000000e+00
3.879999999999999893e+00
3.600000000000000089e+00
2.130200000000000102e+02
2.133899999999999864e+02
2.072700000000000102e+02
2.063300000000000125e+02
1.986399999999999864e+02
1.978700000000000045e+02
2.187700000000000102e+02
2.205200000000000102e+02
2.212400000000000091e+02
2.160000000000000000e+02
1.982700000000000102e+02
1.925200000000000102e+02
2.076599999999999966e+02
2.266200000000000045e+02
2.267199999999999989e+02
2.158300000000000125e+02
2.081899999999999977e+02
2.072599999999999909e+02
2.054699999999999989e+02
1.715600000000000023e+02
1.599000000000000057e+02
2.136100000000000136e+02
1.983499999999999943e+02
1.809099999999999966e+02
1.461899999999999977e+02
1.462100000000000080e+02
1.587700000000000102e+02
1.571500000000000057e+02
9.915999999999999659e+01
4.764999999999999858e+01
4.713000000000000256e+01
6.904000000000000625e+01
1.677899999999999920e+02
1.481399999999999864e+02
9.906999999999999318e+01
1.051700000000000017e+02
2.025800000000000125e+02
2.029699999999999989e+02
1.765300000000000011e+02
8.754000000000000625e+01
1.036999999999999922e+01
4.110000000000000320e+00
4.000000000000000000e+00
4.200000000000000178e+00
5.250000000000000000e+00
7.820000000000000284e+00
1.309999999999999964e+01
1.519999999999999929e+01
1.356000000000000050e+01
9.609999999999999432e+00
6.700000000000000178e+00
4.919999999999999929e+00
4.799999999999999822e+00
4.440000000000000391e+00
4.280000000000000249e+00
3.700000000000000178e+00
3.399999999999999911e+00
3.399999999999999911e+00
3.100000000000000089e+00
2.399999999999999911e+00
1.957299999999999898e+02
1.935099999999999909e+02
2.060999999999999943e+02
2.028400000000000034e+02
1.962100000000000080e+02
1.882800000000000011e+02
2.112299999999999898e+02
2.101999999999999886e+02
2.091500000000000057e+02
2.060000000000000000e+02
1.971200000000000045e+02
1.817400000000000091e+02
1.896999999999999886e+02
1.919499999999999886e+02
1.929699999999999989e+02
1.895000000000000000e+02
1.764799999999999898e+02
1.565200000000000102e+02
1.496899999999999977e+02
1.523199999999999932e+02
1.675900000000000034e+02
1.975999999999999943e+02
1.810399999999999920e+02
1.564900000000000091e+02
1.673799999999999955e+02
1.605099999999999909e+02
1.549499999999999886e+02
1.674699999999999989e+02
6.495999999999999375e+01
4.865999999999999659e+01
1.106200000000000045e+02
1.511299999999999955e+02
1.250699999999999932e+02
1.264699999999999989e+02
1.310800000000000125e+02
1.582100000000000080e+02
1.132199999999999989e+02
5.342999999999999972e+01
4.580000000000000071e+00
2.229999999999999982e+00
2.890000000000000124e+00
3.200000000000000178e+00
3.439999999999999947e+00
4.000000000000000000e+00
3.589999999999999858e+00
6.309999999999999609e+00
9.339999999999999858e+00
1.069999999999999929e+01
1.025999999999999979e+01
7.620000000000000107e+00
5.660000000000000142e+00
4.040000000000000036e+00
4.000000000000000000e+00
3.919999999999999929e+00
3.200000000000000178e+00
3.100000000000000089e+00
2.439999999999999947e+00
2.200000000000000178e+00
2.140000000000000124e+00
1.600000000000000089e+00
2.006200000000000045e+02
1.830300000000000011e+02
1.813199999999999932e+02
1.787700000000000102e+02
1.613100000000000023e+02
1.669799999999999898e+02
1.813000000000000114e+02
1.786500000000000057e+02
1.668400000000000034e+02
1.740300000000000011e+02
1.885500000000000114e+02
1.846100000000000136e+02
1.905500000000000114e+02
9.084000000000000341e+01
1.279200000000000017e+02
1.402500000000000000e+02
8.973000000000000398e+01
1.092000000000000028e+02
9.104999999999999716e+01
3.151000000000000156e+01
1.477100000000000080e+02
2.100699999999999932e+02
1.622500000000000000e+02
1.571699999999999875e+02
1.685099999999999909e+02
1.598400000000000034e+02
1.527400000000000091e+02
1.658899999999999864e+02
1.268299999999999983e+02
1.945300000000000011e+02
1.654900000000000091e+02
1.233299999999999983e+02
1.220799999999999983e+02
1.119200000000000017e+02
5.717999999999999972e+01
7.320000000000000284e+00
2.129999999999999893e+00
1.080000000000000071e+00
1.239999999999999991e+00
1.800000000000000044e+00
1.800000000000000044e+00
1.979999999999999982e+00
2.240000000000000213e+00
2.899999999999999911e+00
3.560000000000000053e+00
4.139999999999999680e+00
6.059999999999999609e+00
6.849999999999999645e+00
6.410000000000000142e+00
5.370000000000000107e+00
4.009999999999999787e+00
3.399999999999999911e+00
3.000000000000000000e+00
2.819999999999999840e+00
2.799999999999999822e+00
2.399999999999999911e+00
2.000000000000000000e+00
1.979999999999999982e+00
1.560000000000000053e+00
1.000000000000000000e+00
2.015699999999999932e+02
1.997299999999999898e+02
1.968899999999999864e+02
2.070900000000000034e+02
2.037299999999999898e+02
1.996899999999999977e+02
2.038600000000000136e+02
2.042400000000000091e+02
2.004699999999999989e+02
2.034399999999999977e+02
2.115000000000000000e+02
2.177400000000000091e+02
2.256200000000000045e+02
1.067099999999999937e+02
7.925000000000000000e+01
1.391800000000000068e+02
1.038299999999999983e+02
1.241899999999999977e+02
5.553999999999999915e+01
1.700000000000000000e+01
9.057999999999999829e+01
2.079000000000000057e+02
2.064300000000000068e+02
1.728799999999999955e+02
1.754799999999999898e+02
1.600999999999999943e+02
1.570500000000000114e+02
1.534900000000000091e+02
1.393799999999999955e+02
1.654699999999999989e+02
1.410099999999999909e+02
1.187399999999999949e+02
1.249000000000000057e+02
9.618000000000000682e+01
1.605999999999999872e+01
9.599999999999999645e-01
1.000000000000000000e+00
1.000000000000000000e+00
1.000000000000000000e+00
1.000000000000000000e+00
1.000000000000000000e+00
1.540000000000000036e+00
1.719999999999999973e+00
2.299999999999999822e+00
2.600000000000000089e+00
3.959999999999999964e+00
5.299999999999999822e+00
5.919999999999999929e+00
4.780000000000000249e+00
3.660000000000000142e+00
3.020000000000000018e+00
2.600000000000000089e+00
2.600000000000000089e+00
2.060000000000000053e+00
2.000000000000000000e+00
2.000000000000000000e+00
2.000000000000000000e+00
1.580000000000000071e+00
1.000000000000000000e+00
1.000000000000000000e+00
1.865200000000000102e+02
1.884600000000000080e+02
1.922400000000000091e+02
2.099499999999999886e+02
2.285399999999999920e+02
2.289300000000000068e+02
2.199300000000000068e+02
2.179600000000000080e+02
2.209000000000000057e+02
2.070399999999999920e+02
1.869699999999999989e+02
1.891200000000000045e+02
2.157199999999999989e+02
2.024900000000000091e+02
5.517000000000000171e+01
3.073999999999999844e+01
5.004999999999999716e+01
4.584000000000000341e+01
6.039000000000000057e+01
1.022999999999999972e+02
9.990999999999999659e+01
1.453100000000000023e+02
2.046599999999999966e+02
1.937599999999999909e+02
1.918300000000000125e+02
1.728100000000000023e+02
1.585099999999999909e+02
1.559099999999999966e+02
1.284799999999999898e+02
1.385000000000000000e+02
1.367299999999999898e+02
1.210699999999999932e+02
1.000199999999999960e+02
2.435000000000000142e+01
1.570000000000000062e+00
1.000000000000000000e+00
1.000000000000000000e+00
1.000000000000000000e+00
1.000000000000000000e+00
1.000000000000000000e+00
1.000000000000000000e+00
1.000000000000000000e+00
1.120000000000000107e+00
1.699999999999999956e+00
2.000000000000000000e+00
3.359999999999999876e+00
4.700000000000000178e+00
5.019999999999999574e+00
3.580000000000000071e+00
2.459999999999999964e+00
2.000000000000000000e+00
2.000000000000000000e+00
1.580000000000000071e+00
1.399999999999999911e+00
1.399999999999999911e+00
1.399999999999999911e+00
1.399999999999999911e+00
1.040000000000000036e+00
1.000000000000000000e+00
1.000000000000000000e+00
1.536899999999999977e+02
1.982700000000000102e+02
1.960500000000000114e+02
2.059399999999999977e+02
2.293400000000000034e+02
2.336800000000000068e+02
2.215800000000000125e+02
2.171800000000000068e+02
2.181899999999999977e+02
2.160300000000000011e+02
1.897599999999999909e+02
1.816999999999999886e+02
1.842800000000000011e+02
2.046599999999999966e+02
1.883899999999999864e+02
1.226899999999999977e+02
1.070600000000000023e+02
1.624799999999999898e+02
2.128300000000000125e+02
1.910300000000000011e+02
1.010799999999999983e+02
1.076899999999999977e+02
1.620999999999999943e+02
2.029099999999999966e+02
2.067199999999999989e+02
1.998000000000000114e+02
1.763799999999999955e+02
1.783899999999999864e+02
1.345800000000000125e+02
1.243499999999999943e+02
1.365999999999999943e+02
1.041800000000000068e+02
1.782999999999999829e+01
5.940000000000000391e+00
2.439999999999999947e+00
1.000000000000000000e+00
1.000000000000000000e+00
1.000000000000000000e+00
1.000000000000000000e+00
1.000000000000000000e+00
1.000000000000000000e+00
1.000000000000000000e+00
1.000000000000000000e+00
1.100000000000000089e+00
1.760000000000000009e+00
2.279999999999999805e+00
3.259999999999999787e+00
3.299999999999999822e+00
2.500000000000000000e+00
1.939999999999999947e+00
1.199999999999999956e+00
1.199999999999999956e+00
1.060000000000000053e+00
1.000000000000000000e+00
1.000000000000000000e+00
1.000000000000000000e+00
1.000000000000000000e+00
1.000000000000000000e+00
1.000000000000000000e+00
1.000000000000000000e+00
1.360500000000000114e+02
1.455800000000000125e+02
1.831100000000000136e+02
1.903300000000000125e+02
2.091299999999999955e+02
2.208799999999999955e+02
2.209699999999999989e+02
2.140500000000000114e+02
1.988300000000000125e+02
2.080699999999999932e+02
1.997500000000000000e+02
1.886399999999999864e+02
1.722100000000000080e+02
1.466500000000000057e+02
1.360500000000000114e+02
1.417800000000000011e+02
1.469199999999999875e+02
1.454699999999999989e+02
1.744499999999999886e+02
2.043100000000000023e+02
1.438400000000000034e+02
1.137800000000000011e+02
1.437400000000000091e+02
1.963300000000000125e+02
2.137500000000000000e+02
2.102299999999999898e+02
2.067599999999999909e+02
2.098100000000000023e+02
1.748600000000000136e+02
1.513700000000000045e+02
1.583000000000000114e+02
5.429999999999999716e+01
9.179999999999999716e+00
1.070000000000000062e+00
1.000000000000000000e+00
1.000000000000000000e+00
1.000000000000000000e+00
1.000000000000000000e+00
1.000000000000000000e+00
1.000000000000000000e+00
1.000000000000000000e+00
1.000000000000000000e+00
1.000000000000000000e+00
1.000000000000000000e+00
1.000000000000000000e+00
1.080000000000000071e+00
1.800000000000000044e+00
1.800000000000000044e+00
1.800000000000000044e+00
1.080000000000000071e+00
1.000000000000000000e+00
1.000000000000000000e+00
1.000000000000000000e+00
1.000000000000000000e+00
1.000000000000000000e+00
1.000000000000000000e+00
1.000000000000000000e+00
1.000000000000000000e+00
1.000000000000000000e+00
1.000000000000000000e+00
9.457999999999999829e+01
1.060699999999999932e+02
1.496100000000000136e+02
1.884900000000000091e+02
1.996500000000000057e+02
2.080000000000000000e+02
2.099300000000000068e+02
2.001899999999999977e+02
1.816500000000000057e+02
1.851999999999999886e+02
1.956299999999999955e+02
1.964699999999999989e+02
1.829900000000000091e+02
1.607500000000000000e+02
1.483199999999999932e+02
1.364399999999999977e+02
1.577199999999999989e+02
1.648600000000000136e+02
1.683499999999999943e+02
1.864799999999999898e+02
1.505800000000000125e+02
1.118299999999999983e+02
1.640900000000000034e+02
2.015600000000000023e+02
2.157599999999999909e+02
2.134499999999999886e+02
2.180900000000000034e+02
2.089499999999999886e+02
1.898000000000000114e+02
1.786100000000000136e+02
1.672700000000000102e+02
1.503999999999999915e+01
1.459999999999999964e+00
1.000000000000000000e+00
1.000000000000000000e+00
1.000000000000000000e+00
1.000000000000000000e+00
1.000000000000000000e+00
1.000000000000000000e+00
1.000000000000000000e+00
1.000000000000000000e+00
1.000000000000000000e+00
1.000000000000000000e+00
1.000000000000000000e+00
1.000000000000000000e+00
1.000000000000000000e+00
1.000000000000000000e+00
1.000000000000000000e+00
1.000000000000000000e+00
1.000000000000000000e+00
1.000000000000000000e+00
1.000000000000000000e+00
1.000000000000000000e+00
1.000000000000000000e+00
1.000000000000000000e+00
1.000000000000000000e+00
1.000000000000000000e+00
1.000000000000000000e+00
1.000000000000000000e+00
1.000000000000000000e+00
7.534999999999999432e+01
6.793999999999999773e+01
1.171800000000000068e+02
1.648499999999999943e+02
2.093600000000000136e+02
2.108199999999999932e+02
2.063300000000000125e+02
2.065500000000000114e+02
2.096699999999999875e+02
2.098100000000000023e+02
2.110200000000000102e+02
2.062899999999999920e+02
2.016999999999999886e+02
1.916399999999999864e+02
1.825900000000000034e+02
1.715500000000000114e+02
1.551899999999999977e+02
1.697100000000000080e+02
1.629699999999999989e+02
1.592899999999999920e+02
1.429900000000000091e+02
1.274699999999999989e+02
1.436200000000000045e+02
1.986500000000000057e+02
2.150200000000000102e+02
2.167899999999999920e+02
2.108400000000000034e+02
2.117800000000000011e+02
1.985600000000000023e+02
1.925000000000000000e+02
1.315999999999999943e+02
2.405000000000000071e+01
4.299999999999999822e+00
1.010000000000000009e+00
1.000000000000000000e+00
1.000000000000000000e+00
1.000000000000000000e+00
1.000000000000000000e+00
1.000000000000000000e+00
1.000000000000000000e+00
1.000000000000000000e+00
1.000000000000000000e+00
1.000000000000000000e+00
1.000000000000000000e+00
1.000000000000000000e+00
1.000000000000000000e+00
1.000000000000000000e+00
1.000000000000000000e+00
1.000000000000000000e+00
1.000000000000000000e+00
1.000000000000000000e+00
1.000000000000000000e+00
1.000000000000000000e+00
1.000000000000000000e+00
1.000000000000000000e+00
1.000000000000000000e+00
1.000000000000000000e+00
1.000000000000000000e+00
1.000000000000000000e+00
1.000000000000000000e+00
9.576000000000000512e+01
9.220999999999999375e+01
8.559999999999999432e+01
1.199699999999999989e+02
1.737700000000000102e+02
1.953700000000000045e+02
2.035800000000000125e+02
2.055699999999999932e+02
2.059199999999999875e+02
2.060200000000000102e+02
2.097899999999999920e+02
2.142800000000000011e+02
2.184399999999999977e+02
2.217899999999999920e+02
2.151100000000000136e+02
1.895900000000000034e+02
1.655000000000000000e+02
1.630500000000000114e+02
1.576599999999999966e+02
1.516500000000000057e+02
1.648300000000000125e+02
1.661999999999999886e+02
1.252099999999999937e+02
1.759099999999999966e+02
2.113300000000000125e+02
2.140399999999999920e+02
2.105699999999999932e+02
2.075099999999999909e+02
2.101399999999999864e+02
2.020200000000000102e+02
1.232399999999999949e+02
4.470000000000000284e+01
8.330000000000000071e+00
1.080000000000000071e+00
1.000000000000000000e+00
1.000000000000000000e+00
1.000000000000000000e+00
1.000000000000000000e+00
1.000000000000000000e+00
1.000000000000000000e+00
1.000000000000000000e+00
1.000000000000000000e+00
1.000000000000000000e+00
1.000000000000000000e+00
1.000000000000000000e+00
1.000000000000000000e+00
1.000000000000000000e+00
1.000000000000000000e+00
1.000000000000000000e+00
1.000000000000000000e+00
1.000000000000000000e+00
1.000000000000000000e+00
1.000000000000000000e+00
1.000000000000000000e+00
1.000000000000000000e+00
1.000000000000000000e+00
1.000000000000000000e+00
1.000000000000000000e+00
1.000000000000000000e+00
1.000000000000000000e+00
8.826000000000000512e+01
9.240000000000000568e+01
9.479999999999999716e+01
9.729999999999999716e+01
1.342899999999999920e+02
1.691599999999999966e+02
1.829699999999999989e+02
1.926699999999999875e+02
1.852700000000000102e+02
1.909000000000000057e+02
1.874499999999999886e+02
1.959199999999999875e+02
2.140600000000000023e+02
2.203799999999999955e+02
2.193499999999999943e+02
2.127100000000000080e+02
1.781899999999999977e+02
1.499099999999999966e+02
1.645600000000000023e+02
1.952700000000000102e+02
2.078700000000000045e+02
2.074600000000000080e+02
1.546299999999999955e+02
1.437599999999999909e+02
2.018100000000000023e+02
2.059199999999999875e+02
2.027500000000000000e+02
1.960999999999999943e+02
2.059399999999999977e+02
2.097800000000000011e+02
1.570000000000000000e+02
9.350000000000000000e+01
2.442000000000000171e+01
3.299999999999999822e+00
1.919999999999999929e+00
1.840000000000000080e+00
1.469999999999999973e+00
1.060000000000000053e+00
1.199999999999999956e+00
1.050000000000000044e+00
8.900000000000000133e-01
9.799999999999999822e-01
8.599999999999999867e-01
1.000000000000000000e+00
1.000000000000000000e+00
1.000000000000000000e+00
9.599999999999999645e-01
9.799999999999999822e-01
9.000000000000000222e-01
1.229999999999999982e+00
2.500000000000000000e+00
2.819999999999999840e+00
1.719999999999999973e+00
1.209999999999999964e+00
1.030000000000000027e+00
1.050000000000000044e+00
9.499999999999999556e-01
9.499999999999999556e-01
9.499999999999999556e-01
1.000000000000000000e+00
1.108900000000000006e+02
1.212099999999999937e+02
1.347400000000000091e+02
1.310099999999999909e+02
1.224399999999999977e+02
1.496999999999999886e+02
1.765000000000000000e+02
1.952700000000000102e+02
1.960099999999999909e+02
1.940099999999999909e+02
1.880900000000000034e+02
1.834300000000000068e+02
1.937700000000000102e+02
1.985800000000000125e+02
2.055399999999999920e+02
2.248000000000000114e+02
2.247800000000000011e+02
2.110999999999999943e+02
1.915099999999999909e+02
1.936999999999999886e+02
1.925699999999999932e+02
2.272899999999999920e+02
2.054499999999999886e+02
1.555900000000000034e+02
1.806100000000000136e+02
1.868400000000000034e+02
1.909600000000000080e+02
1.781999999999999886e+02
1.989300000000000068e+02
2.085200000000000102e+02
1.916100000000000136e+02
1.541999999999999886e+02
9.998999999999999488e+01
6.621999999999999886e+01
5.195000000000000284e+01
4.472999999999999687e+01
3.529999999999999716e+01
2.928000000000000114e+01
2.846000000000000085e+01
2.778999999999999915e+01
1.976999999999999957e+01
1.166000000000000014e+01
8.839999999999999858e+00
1.027999999999999936e+01
1.571000000000000085e+01
2.007999999999999829e+01
1.762999999999999901e+01
2.135000000000000142e+01
3.579999999999999716e+01
5.503000000000000114e+01
6.478000000000000114e+01
6.046000000000000085e+01
5.449000000000000199e+01
5.150000000000000000e+01
4.222999999999999687e+01
3.292999999999999972e+01
2.767999999999999972e+01
2.167999999999999972e+01
1.326999999999999957e+01
1.116999999999999993e+01
9.765999999999999659e+01
1.132500000000000000e+02
1.192199999999999989e+02
1.248799999999999955e+02
1.304600000000000080e+02
1.227600000000000051e+02
1.154500000000000028e+02
1.167900000000000063e+02
1.298199999999999932e+02
1.429399999999999977e+02
1.494499999999999886e+02
1.551999999999999886e+02
1.688700000000000045e+02
1.659699999999999989e+02
1.706399999999999864e+02
2.161800000000000068e+02
2.293499999999999943e+02
2.226999999999999886e+02
2.154799999999999898e+02
2.119799999999999898e+02
2.128799999999999955e+02
2.333100000000000023e+02
2.381500000000000057e+02
2.093499999999999943e+02
1.352700000000000102e+02
9.834000000000000341e+01
1.101500000000000057e+02
1.451800000000000068e+02
1.964499999999999886e+02
2.002299999999999898e+02
2.145699999999999932e+02
2.116500000000000057e+02
1.794199999999999875e+02
1.455099999999999909e+02
1.230000000000000000e+02
1.148799999999999955e+02
1.163199999999999932e+02
1.222000000000000028e+02
1.260199999999999960e+02
1.244500000000000028e+02
1.128400000000000034e+02
1.014800000000000040e+02
9.804999999999999716e+01
1.059399999999999977e+02
1.186299999999999955e+02
1.240999999999999943e+02
1.231099999999999994e+02
1.285200000000000102e+02
1.502100000000000080e+02
1.707700000000000102e+02
1.750099999999999909e+02
1.722599999999999909e+02
1.763400000000000034e+02
1.785699999999999932e+02
1.704199999999999875e+02
1.559399999999999977e+02
1.488899999999999864e+02
1.412299999999999898e+02
1.303000000000000114e+02
1.321100000000000136e+02
7.720999999999999375e+01
9.729999999999999716e+01
9.765000000000000568e+01
1.098199999999999932e+02
1.230699999999999932e+02
1.172300000000000040e+02
1.290600000000000023e+02
1.485399999999999920e+02
1.734000000000000057e+02
1.713899999999999864e+02
1.532800000000000011e+02
1.398700000000000045e+02
1.523700000000000045e+02
1.758400000000000034e+02
1.840200000000000102e+02
1.749799999999999898e+02
2.045800000000000125e+02
2.175600000000000023e+02
2.218300000000000125e+02
2.230200000000000102e+02
2.225800000000000125e+02
2.245200000000000102e+02
2.314199999999999875e+02
2.235300000000000011e+02
2.018000000000000114e+02
1.368899999999999864e+02
1.542700000000000102e+02
1.701599999999999966e+02
1.682800000000000011e+02
1.900300000000000011e+02
2.123300000000000125e+02
2.146399999999999864e+02
2.011899999999999977e+02
1.852100000000000080e+02
1.733899999999999864e+02
1.636399999999999864e+02
1.696100000000000136e+02
1.828499999999999943e+02
1.904600000000000080e+02
1.924000000000000057e+02
1.888899999999999864e+02
1.846399999999999864e+02
1.846800000000000068e+02
1.901599999999999966e+02
1.963100000000000023e+02
2.005200000000000102e+02
2.021699999999999875e+02
2.059600000000000080e+02
2.155200000000000102e+02
2.235200000000000102e+02
2.235000000000000000e+02
2.234199999999999875e+02
2.278000000000000114e+02
2.304399999999999977e+02
2.279499999999999886e+02
2.239900000000000091e+02
2.212800000000000011e+02
2.193300000000000125e+02
2.178400000000000034e+02
2.188700000000000045e+02
8.965999999999999659e+01
8.529000000000000625e+01
1.113900000000000006e+02
1.117999999999999972e+02
1.442199999999999989e+02
1.624900000000000091e+02
1.591699999999999875e+02
1.435800000000000125e+02
1.308000000000000114e+02
1.194599999999999937e+02
1.372599999999999909e+02
1.483899999999999864e+02
1.526399999999999864e+02
1.502100000000000080e+02
1.662700000000000102e+02
1.723700000000000045e+02
1.702400000000000091e+02
1.814000000000000057e+02
1.985900000000000034e+02
2.088100000000000023e+02
2.111500000000000057e+02
2.134799999999999898e+02
2.113600000000000136e+02
2.071399999999999864e+02
1.942500000000000000e+02
1.597599999999999909e+02
1.492599999999999909e+02
1.567400000000000091e+02
1.703400000000000034e+02
1.874499999999999886e+02
1.968199999999999932e+02
1.788899999999999864e+02
1.865300000000000011e+02
1.988100000000000023e+02
2.070200000000000102e+02
1.903799999999999955e+02
1.857299999999999898e+02
1.974699999999999989e+02
2.064499999999999886e+02
2.120399999999999920e+02
2.136899999999999977e+02
2.140699999999999932e+02
2.151399999999999864e+02
2.176500000000000057e+02
2.210399999999999920e+02
2.242700000000000102e+02
2.260200000000000102e+02
2.290699999999999932e+02
2.332800000000000011e+02
2.364099999999999966e+02
2.328000000000000114e+02
2.328199999999999932e+02
2.379000000000000057e+02
2.413499999999999943e+02
2.408199999999999932e+02
2.392899999999999920e+02
2.391399999999999864e+02
2.400600000000000023e+02
2.404699999999999989e+02
2.409000000000000057e+02
9.539000000000000057e+01
9.020999999999999375e+01
8.729999999999999716e+01
1.201099999999999994e+02
1.312500000000000000e+02
1.311699999999999875e+02
1.255000000000000000e+02
1.087900000000000063e+02
1.342899999999999920e+02
1.515800000000000125e+02
1.334900000000000091e+02
1.214500000000000028e+02
1.328799999999999955e+02
1.369300000000000068e+02
1.292500000000000000e+02
1.462400000000000091e+02
1.411200000000000045e+02
1.625900000000000034e+02
1.603199999999999932e+02
1.686599999999999966e+02
1.630900000000000034e+02
1.826399999999999864e+02
1.868899999999999864e+02
1.712199999999999989e+02
1.500800000000000125e+02
1.410000000000000000e+02
1.589399999999999977e+02
1.737599999999999909e+02
1.858700000000000045e+02
1.886800000000000068e+02
1.842899999999999920e+02
1.624900000000000091e+02
1.800000000000000000e+02
2.080800000000000125e+02
2.253600000000000136e+02
2.154199999999999875e+02
1.972899999999999920e+02
1.952700000000000102e+02
2.063000000000000114e+02
2.147299999999999898e+02
2.198600000000000136e+02
2.214699999999999989e+02
2.221299999999999955e+02
2.235800000000000125e+02
2.255500000000000114e+02
2.275000000000000000e+02
2.291800000000000068e+02
2.303300000000000125e+02
2.304000000000000057e+02
2.303499999999999943e+02
2.277599999999999909e+02
2.276100000000000136e+02
2.321800000000000068e+02
2.343199999999999932e+02
2.357199999999999989e+02
2.361500000000000057e+02
2.372199999999999989e+02
2.386299999999999955e+02
2.390999999999999943e+02
2.391599999999999966e+02
1.049599999999999937e+02
9.348000000000000398e+01
9.428000000000000114e+01
1.060600000000000023e+02
1.102099999999999937e+02
1.030799999999999983e+02
1.289099999999999966e+02
1.457599999999999909e+02
1.226299999999999955e+02
1.002999999999999972e+02
1.077000000000000028e+02
1.242399999999999949e+02
1.089399999999999977e+02
1.142800000000000011e+02
1.186500000000000057e+02
1.256700000000000017e+02
1.451800000000000068e+02
1.432100000000000080e+02
1.517199999999999989e+02
1.551999999999999886e+02
1.551699999999999875e+02
1.577800000000000011e+02
1.525900000000000034e+02
1.414900000000000091e+02
1.331699999999999875e+02
1.402599999999999909e+02
1.651299999999999955e+02
1.798199999999999932e+02
1.844900000000000091e+02
1.817199999999999989e+02
1.743600000000000136e+02
1.638000000000000114e+02
1.811299999999999955e+02
2.085699999999999932e+02
2.244300000000000068e+02
2.273300000000000125e+02
2.169399999999999977e+02
2.013300000000000125e+02
2.013899999999999864e+02
2.125000000000000000e+02
2.192400000000000091e+02
2.219199999999999875e+02
2.225800000000000125e+02
2.231500000000000057e+02
2.234399999999999977e+02
2.231399999999999864e+02
2.230500000000000114e+02
2.218000000000000114e+02
2.190000000000000000e+02
2.171500000000000057e+02
2.167500000000000000e+02
2.165999999999999943e+02
2.178000000000000114e+02
2.179499999999999886e+02
2.204000000000000057e+02
2.232800000000000011e+02
2.274300000000000068e+02
2.303899999999999864e+02
2.320099999999999909e+02
2.322100000000000080e+02
1.089200000000000017e+02
1.003599999999999994e+02
9.323000000000000398e+01
7.937999999999999545e+01
9.362999999999999545e+01
1.069800000000000040e+02
1.223100000000000023e+02
1.212500000000000000e+02
1.177399999999999949e+02
1.216800000000000068e+02
1.240400000000000063e+02
1.137300000000000040e+02
1.073700000000000045e+02
1.170499999999999972e+02
1.159899999999999949e+02
1.237500000000000000e+02
1.272399999999999949e+02
1.314399999999999977e+02
1.520699999999999932e+02
1.530399999999999920e+02
1.488600000000000136e+02
1.360500000000000114e+02
1.283100000000000023e+02
1.281500000000000057e+02
1.389300000000000068e+02
1.361800000000000068e+02
1.516100000000000136e+02
1.770800000000000125e+02
1.692800000000000011e+02
1.605500000000000114e+02
1.540600000000000023e+02
1.579199999999999875e+02
1.812500000000000000e+02
2.055300000000000011e+02
2.133100000000000023e+02
2.086599999999999966e+02
1.955500000000000114e+02
1.808499999999999943e+02
1.876699999999999875e+02
2.106100000000000136e+02
2.189099999999999966e+02
2.198000000000000114e+02
2.222599999999999909e+02
2.226399999999999864e+02
2.205999999999999943e+02
2.191399999999999864e+02
2.181899999999999977e+02
2.150699999999999932e+02
2.087299999999999898e+02
2.070600000000000023e+02
2.081500000000000057e+02
2.084699999999999989e+02
2.048899999999999864e+02
1.990300000000000011e+02
1.973000000000000114e+02
1.999300000000000068e+02
2.071599999999999966e+02
2.170099999999999909e+02
2.221500000000000057e+02
2.228799999999999955e+02
1.220000000000000000e+02
1.125600000000000023e+02
1.012300000000000040e+02
8.106999999999999318e+01
8.515999999999999659e+01
1.076899999999999977e+02
9.345999999999999375e+01
9.904000000000000625e+01
1.255999999999999943e+02
1.347500000000000000e+02
1.345200000000000102e+02
1.228900000000000006e+02
1.124899999999999949e+02
1.203400000000000034e+02
1.172600000000000051e+02
1.291599999999999966e+02
1.248700000000000045e+02
1.289699999999999989e+02
1.396999999999999886e+02
1.289900000000000091e+02
1.328300000000000125e+02
1.430000000000000000e+02
1.488100000000000023e+02
1.481299999999999955e+02
1.544099999999999966e+02
1.505200000000000102e+02
1.459199999999999875e+02
1.590800000000000125e+02
1.561200000000000045e+02
1.440200000000000102e+02
1.443400000000000034e+02
1.626599999999999966e+02
1.878799999999999955e+02
2.027199999999999989e+02
1.982599999999999909e+02
1.820800000000000125e+02
1.600800000000000125e+02
1.552199999999999989e+02
1.805999999999999943e+02
2.162800000000000011e+02
2.283899999999999864e+02
2.276899999999999977e+02
2.294399999999999977e+02
2.266399999999999864e+02
2.217899999999999920e+02
2.198700000000000045e+02
2.181699999999999875e+02
2.153100000000000023e+02
2.090600000000000023e+02
2.013300000000000125e+02
1.969399999999999977e+02
1.984300000000000068e+02
1.940200000000000102e+02
1.852700000000000102e+02
1.813400000000000034e+02
1.800099999999999909e+02
1.826899999999999977e+02
1.928899999999999864e+02
1.997500000000000000e+02
2.007800000000000011e+02
1.306599999999999966e+02
1.150100000000000051e+02
1.112500000000000000e+02
9.629999999999999716e+01
8.842000000000000171e+01
8.098000000000000398e+01
8.339000000000000057e+01
8.348999999999999488e+01
9.554999999999999716e+01
1.136800000000000068e+02
1.283000000000000114e+02
1.357299999999999898e+02
1.300099999999999909e+02
1.222300000000000040e+02
1.083599999999999994e+02
1.157500000000000000e+02
1.222399999999999949e+02
1.277399999999999949e+02
1.340099999999999909e+02
1.386399999999999864e+02
1.516899999999999977e+02
1.616599999999999966e+02
1.710500000000000114e+02
1.596399999999999864e+02
1.666100000000000136e+02
1.567500000000000000e+02
1.455000000000000000e+02
1.416699999999999875e+02
1.455099999999999909e+02
1.591699999999999875e+02
1.645800000000000125e+02
1.839699999999999989e+02
1.970099999999999909e+02
2.036200000000000045e+02
1.936200000000000045e+02
1.626299999999999955e+02
1.443199999999999932e+02
1.584099999999999966e+02
1.954499999999999886e+02
2.262800000000000011e+02
2.374900000000000091e+02
2.394900000000000091e+02
2.404600000000000080e+02
2.334900000000000091e+02
2.276100000000000136e+02
2.252700000000000102e+02
2.210399999999999920e+02
2.180300000000000011e+02
2.130600000000000023e+02
1.994099999999999966e+02
1.920600000000000023e+02
1.955600000000000023e+02
2.016699999999999875e+02
1.959300000000000068e+02
1.905999999999999943e+02
1.909900000000000091e+02
1.905200000000000102e+02
1.956299999999999955e+02
1.984099999999999966e+02
1.983799999999999955e+02
1.175799999999999983e+02
1.198599999999999994e+02
1.273100000000000023e+02
1.090100000000000051e+02
9.168999999999999773e+01
8.493999999999999773e+01
1.025499999999999972e+02
1.085999999999999943e+02
7.773000000000000398e+01
9.464000000000000057e+01
1.135000000000000000e+02
1.292800000000000011e+02
1.469799999999999898e+02
1.457899999999999920e+02
1.196500000000000057e+02
1.336399999999999864e+02
1.421599999999999966e+02
1.493000000000000114e+02
1.517599999999999909e+02
1.566299999999999955e+02
1.672700000000000102e+02
1.708700000000000045e+02
1.760500000000000114e+02
1.623000000000000114e+02
1.607199999999999989e+02
1.471500000000000057e+02
1.372800000000000011e+02
1.374499999999999886e+02
1.568100000000000023e+02
1.811899999999999977e+02
1.847199999999999989e+02
1.941200000000000045e+02
2.020099999999999909e+02
1.988400000000000034e+02
1.819099999999999966e+02
1.420200000000000102e+02
1.360300000000000011e+02
1.645399999999999920e+02
2.059199999999999875e+02
2.261999999999999886e+02
2.345699999999999932e+02
2.385900000000000034e+02
2.393899999999999864e+02
2.375099999999999909e+02
2.394600000000000080e+02
2.393499999999999943e+02
2.333199999999999932e+02
2.277599999999999909e+02
2.116500000000000057e+02
1.890800000000000125e+02
1.880200000000000102e+02
2.094900000000000091e+02
2.271699999999999875e+02
2.265800000000000125e+02
2.268899999999999864e+02
2.286200000000000045e+02
2.284399999999999977e+02
2.308100000000000023e+02
2.312400000000000091e+02
2.312800000000000011e+02
1.077000000000000028e+02
1.169500000000000028e+02
1.170300000000000011e+02
1.178100000000000023e+02
8.778000000000000114e+01
9.301999999999999602e+01
9.217000000000000171e+01
1.047600000000000051e+02
9.554999999999999716e+01
8.592000000000000171e+01
9.679000000000000625e+01
1.040699999999999932e+02
1.296699999999999875e+02
1.316500000000000057e+02
1.153299999999999983e+02
1.248799999999999955e+02
1.188599999999999994e+02
1.516500000000000057e+02
1.540999999999999943e+02
1.617100000000000080e+02
1.725200000000000102e+02
1.670600000000000023e+02
1.582800000000000011e+02
1.554399999999999977e+02
1.512599999999999909e+02
1.367299999999999898e+02
1.322199999999999989e+02
1.429300000000000068e+02
1.692299999999999898e+02
1.836999999999999886e+02
1.818700000000000045e+02
1.912800000000000011e+02
1.972899999999999920e+02
1.902899999999999920e+02
1.751999999999999886e+02
1.301699999999999875e+02
1.228499999999999943e+02
1.582800000000000011e+02
2.048600000000000136e+02
2.207599999999999909e+02
2.289499999999999886e+02
2.305600000000000023e+02
2.305300000000000011e+02
2.343799999999999955e+02
2.396299999999999955e+02
2.426399999999999864e+02
2.394300000000000068e+02
2.255900000000000034e+02
1.897100000000000080e+02
1.689799999999999898e+02
1.814300000000000068e+02
2.184900000000000091e+02
2.361999999999999886e+02
2.387199999999999989e+02
2.388700000000000045e+02
2.380699999999999932e+02
2.374799999999999898e+02
2.377500000000000000e+02
2.375999999999999943e+02
2.376399999999999864e+02
1.208299999999999983e+02
1.293100000000000023e+02
1.303300000000000125e+02
1.179699999999999989e+02
7.646999999999999886e+01
7.207999999999999829e+01
8.764000000000000057e+01
1.137000000000000028e+02
1.068499999999999943e+02
8.535999999999999943e+01
8.495999999999999375e+01
9.823000000000000398e+01
1.181899999999999977e+02
1.317299999999999898e+02
1.168400000000000034e+02
1.057500000000000000e+02
1.098199999999999932e+02
1.385099999999999909e+02
1.443499999999999943e+02
1.432199999999999989e+02
1.530099999999999909e+02
1.595600000000000023e+02
1.484000000000000057e+02
1.359799999999999898e+02
1.404900000000000091e+02
1.314099999999999966e+02
1.286800000000000068e+02
1.431500000000000057e+02
1.598499999999999943e+02
1.742599999999999909e+02
1.714600000000000080e+02
1.826999999999999886e+02
1.883799999999999955e+02
1.850600000000000023e+02
1.663300000000000125e+02
1.325500000000000114e+02
1.153900000000000006e+02
1.537700000000000102e+02
2.018799999999999955e+02
2.165999999999999943e+02
2.220000000000000000e+02
2.223700000000000045e+02
2.158799999999999955e+02
2.186500000000000057e+02
2.261800000000000068e+02
2.325999999999999943e+02
2.291999999999999886e+02
2.065699999999999932e+02
1.715600000000000023e+02
1.509799999999999898e+02
1.640999999999999943e+02
2.097299999999999898e+02
2.315300000000000011e+02
2.344300000000000068e+02
2.315699999999999932e+02
2.223199999999999932e+02
2.104499999999999886e+02
2.046100000000000136e+02
2.150999999999999943e+02
2.255300000000000011e+02
8.729000000000000625e+01
1.097900000000000063e+02
1.175900000000000034e+02
9.854999999999999716e+01
8.376999999999999602e+01
6.492000000000000171e+01
7.764000000000000057e+01
8.614000000000000057e+01
9.389000000000000057e+01
8.442000000000000171e+01
8.795999999999999375e+01
8.459000000000000341e+01
1.115799999999999983e+02
1.277699999999999960e+02
1.318100000000000023e+02
1.142900000000000063e+02
1.082500000000000000e+02
1.209500000000000028e+02
1.289199999999999875e+02
1.436599999999999966e+02
1.516800000000000068e+02
1.612800000000000011e+02
1.484900000000000091e+02
1.201599999999999966e+02
1.191899999999999977e+02
1.083199999999999932e+02
1.151099999999999994e+02
1.430600000000000023e+02
1.563600000000000136e+02
1.656899999999999977e+02
1.578799999999999955e+02
1.720200000000000102e+02
1.784499999999999886e+02
1.796599999999999966e+02
1.559300000000000068e+02
1.234699999999999989e+02
1.197199999999999989e+02
1.501500000000000057e+02
1.934099999999999966e+02
2.060000000000000000e+02
2.133100000000000023e+02
2.117500000000000000e+02
2.046800000000000068e+02
2.004900000000000091e+02
2.011100000000000136e+02
2.115500000000000114e+02
2.121800000000000068e+02
1.990000000000000000e+02
1.675200000000000102e+02
1.395200000000000102e+02
1.461699999999999875e+02
1.937500000000000000e+02
2.191399999999999864e+02
2.241899999999999977e+02
2.136500000000000057e+02
1.936399999999999864e+02
1.613400000000000034e+02
1.500600000000000023e+02
1.816899999999999977e+02
2.125900000000000034e+02
7.626999999999999602e+01
8.970000000000000284e+01
9.345000000000000284e+01
7.531000000000000227e+01
9.351000000000000512e+01
7.220000000000000284e+01
6.498999999999999488e+01
6.696999999999999886e+01
9.129000000000000625e+01
9.459999999999999432e+01
8.806000000000000227e+01
8.376999999999999602e+01
1.012999999999999972e+02
1.243900000000000006e+02
1.440600000000000023e+02
1.404499999999999886e+02
1.168100000000000023e+02
1.096899999999999977e+02
1.218100000000000023e+02
1.388499999999999943e+02
1.529399999999999977e+02
1.581999999999999886e+02
1.561599999999999966e+02
1.344699999999999989e+02
1.101599999999999966e+02
1.112399999999999949e+02
1.349199999999999875e+02
1.529399999999999977e+02
1.595900000000000034e+02
1.606999999999999886e+02
1.642100000000000080e+02
1.750500000000000114e+02
1.801200000000000045e+02
1.737299999999999898e+02
1.524099999999999966e+02
1.218599999999999994e+02
1.196400000000000006e+02
1.567700000000000102e+02
1.907700000000000102e+02
2.046800000000000068e+02
2.133899999999999864e+02
2.086999999999999886e+02
1.930999999999999943e+02
1.804000000000000057e+02
1.758499999999999943e+02
1.788100000000000023e+02
1.788400000000000034e+02
1.660099999999999909e+02
1.451999999999999886e+02
1.296200000000000045e+02
1.526200000000000045e+02
1.941299999999999955e+02
2.101500000000000057e+02
2.135099999999999909e+02
1.985300000000000011e+02
1.756299999999999955e+02
1.275199999999999960e+02
1.199500000000000028e+02
1.638000000000000114e+02
2.036299999999999955e+02
8.490000000000000568e+01
7.114000000000000057e+01
6.049000000000000199e+01
8.489000000000000057e+01
8.515000000000000568e+01
7.509999999999999432e+01
7.084999999999999432e+01
7.609000000000000341e+01
9.310999999999999943e+01
1.037600000000000051e+02
9.203000000000000114e+01
9.756000000000000227e+01
9.525000000000000000e+01
1.177999999999999972e+02
1.294699999999999989e+02
1.330699999999999932e+02
1.326299999999999955e+02
1.140900000000000034e+02
1.081099999999999994e+02
1.197099999999999937e+02
1.344600000000000080e+02
1.437100000000000080e+02
1.442899999999999920e+02
1.429499999999999886e+02
1.231099999999999994e+02
1.288000000000000114e+02
1.465699999999999932e+02
1.505900000000000034e+02
1.441800000000000068e+02
1.390200000000000102e+02
1.540999999999999943e+02
1.704000000000000057e+02
1.699300000000000068e+02
1.530300000000000011e+02
1.391999999999999886e+02
1.128900000000000006e+02
1.187999999999999972e+02
1.654000000000000057e+02
1.908499999999999943e+02
2.016399999999999864e+02
2.082899999999999920e+02
2.029699999999999989e+02
1.832599999999999909e+02
1.582199999999999989e+02
1.420900000000000034e+02
1.384199999999999875e+02
1.354399999999999977e+02
1.252399999999999949e+02
1.250100000000000051e+02
1.346100000000000136e+02
1.698499999999999943e+02
1.957100000000000080e+02
1.998000000000000114e+02
2.017100000000000080e+02
1.901399999999999864e+02
1.709799999999999898e+02
1.365699999999999932e+02
1.210499999999999972e+02
1.555900000000000034e+02
1.923100000000000023e+02
8.042000000000000171e+01
7.854000000000000625e+01
6.306000000000000227e+01
7.312999999999999545e+01
8.339000000000000057e+01
7.839000000000000057e+01
8.415000000000000568e+01
8.326999999999999602e+01
8.989000000000000057e+01
9.121999999999999886e+01
9.481000000000000227e+01
9.648000000000000398e+01
9.604000000000000625e+01
9.782999999999999829e+01
1.081200000000000045e+02
1.180699999999999932e+02
1.300200000000000102e+02
1.229300000000000068e+02
1.114399999999999977e+02
1.089000000000000057e+02
1.171599999999999966e+02
1.388799999999999955e+02
1.439600000000000080e+02
1.351699999999999875e+02
1.308100000000000023e+02
1.380900000000000034e+02
1.400000000000000000e+02
1.371999999999999886e+02
1.299900000000000091e+02
1.139500000000000028e+02
1.361699999999999875e+02
1.563000000000000114e+02
1.479000000000000057e+02
1.333100000000000023e+02
1.195100000000000051e+02
1.129200000000000017e+02
1.325000000000000000e+02
1.693899999999999864e+02
1.880500000000000114e+02
1.946299999999999955e+02
1.930200000000000102e+02
1.814000000000000057e+02
1.702800000000000011e+02
1.354099999999999966e+02
1.160999999999999943e+02
1.150699999999999932e+02
1.174200000000000017e+02
1.128499999999999943e+02
1.244699999999999989e+02
1.558899999999999864e+02
1.830900000000000034e+02
1.898899999999999864e+02
1.918199999999999932e+02
1.936699999999999875e+02
1.820900000000000034e+02
1.581399999999999864e+02
1.299199999999999875e+02
1.237099999999999937e+02
1.536100000000000136e+02
1.853100000000000023e+02
7.884999999999999432e+01
7.904000000000000625e+01
6.604999999999999716e+01
6.307000000000000028e+01
6.987999999999999545e+01
8.329999999999999716e+01
1.006899999999999977e+02
1.100199999999999960e+02
9.128000000000000114e+01
7.734999999999999432e+01
9.665000000000000568e+01
1.055100000000000051e+02
9.898000000000000398e+01
1.004800000000000040e+02
1.012500000000000000e+02
1.045400000000000063e+02
1.174500000000000028e+02
1.303499999999999943e+02
1.335600000000000023e+02
1.264899999999999949e+02
1.247999999999999972e+02
1.249000000000000057e+02
1.271500000000000057e+02
1.190499999999999972e+02
1.268799999999999955e+02
1.486699999999999875e+02
1.458000000000000114e+02
1.312299999999999898e+02
1.300999999999999943e+02
1.082999999999999972e+02
1.337899999999999920e+02
1.472899999999999920e+02
1.276500000000000057e+02
1.176200000000000045e+02
1.049500000000000028e+02
1.206500000000000057e+02
1.425399999999999920e+02
1.692899999999999920e+02
1.831899999999999977e+02
1.836899999999999977e+02
1.702299999999999898e+02
1.622400000000000091e+02
1.417199999999999989e+02
1.152800000000000011e+02
1.112699999999999960e+02
1.190900000000000034e+02
1.162000000000000028e+02
1.218400000000000034e+02
1.422500000000000000e+02
1.715300000000000011e+02
1.843600000000000136e+02
1.843799999999999955e+02
1.891899999999999977e+02
1.873700000000000045e+02
1.738199999999999932e+02
1.410200000000000102e+02
1.115799999999999983e+02
1.122800000000000011e+02
1.469699999999999989e+02
1.794799999999999898e+02
6.120000000000000284e+01
5.639999999999999858e+01
5.953999999999999915e+01
6.395000000000000284e+01
6.598999999999999488e+01
7.862000000000000455e+01
8.306999999999999318e+01
9.743000000000000682e+01
8.328000000000000114e+01
8.781000000000000227e+01
9.468999999999999773e+01
9.165000000000000568e+01
8.273999999999999488e+01
9.751000000000000512e+01
1.019099999999999966e+02
9.820999999999999375e+01
1.012500000000000000e+02
1.167199999999999989e+02
1.326599999999999966e+02
1.312199999999999989e+02
1.358799999999999955e+02
1.184599999999999937e+02
1.130600000000000023e+02
1.110799999999999983e+02
1.232099999999999937e+02
1.470500000000000114e+02
1.474900000000000091e+02
1.374099999999999966e+02
1.223599999999999994e+02
1.223799999999999955e+02
1.440000000000000000e+02
1.321200000000000045e+02
1.073299999999999983e+02
1.025199999999999960e+02
1.145999999999999943e+02
1.350000000000000000e+02
1.490200000000000102e+02
1.658700000000000045e+02
1.731899999999999977e+02
1.767700000000000102e+02
1.649900000000000091e+02
1.501399999999999864e+02
1.197500000000000000e+02
1.064300000000000068e+02
1.029500000000000028e+02
1.157099999999999937e+02
1.336599999999999966e+02
1.460699999999999932e+02
1.619099999999999966e+02
1.773499999999999943e+02
1.819799999999999898e+02
1.793499999999999943e+02
1.817599999999999909e+02
1.835999999999999943e+02
1.621899999999999977e+02
1.232500000000000000e+02
1.022300000000000040e+02
1.084699999999999989e+02
1.417700000000000102e+02
1.732500000000000000e+02
1.459000000000000057e+02
9.079000000000000625e+01
7.787000000000000455e+01
8.220000000000000284e+01
8.764000000000000057e+01
8.528000000000000114e+01
8.442000000000000171e+01
8.139000000000000057e+01
7.420999999999999375e+01
8.246999999999999886e+01
8.957999999999999829e+01
8.818000000000000682e+01
8.393000000000000682e+01
9.231999999999999318e+01
9.310999999999999943e+01
1.010499999999999972e+02
1.035900000000000034e+02
1.083100000000000023e+02
1.112699999999999960e+02
1.205100000000000051e+02
1.307899999999999920e+02
1.238100000000000023e+02
1.220000000000000000e+02
1.202500000000000000e+02
1.322400000000000091e+02
1.529099999999999966e+02
1.456899999999999977e+02
1.372400000000000091e+02
1.333000000000000114e+02
1.470500000000000114e+02
1.465900000000000034e+02
1.204099999999999966e+02
1.025799999999999983e+02
1.084000000000000057e+02
1.294699999999999989e+02
1.448000000000000114e+02
1.517500000000000000e+02
1.616399999999999864e+02
1.695399999999999920e+02
1.687400000000000091e+02
1.521100000000000136e+02
1.195000000000000000e+02
9.626000000000000512e+01
9.612000000000000455e+01
1.112000000000000028e+02
1.333700000000000045e+02
1.568100000000000023e+02
1.660099999999999909e+02
1.706299999999999955e+02
1.700900000000000034e+02
1.748799999999999955e+02
1.729699999999999989e+02
1.649399999999999977e+02
1.610600000000000023e+02
1.349099999999999966e+02
1.069000000000000057e+02
9.796999999999999886e+01
1.071200000000000045e+02
1.378300000000000125e+02
1.635099999999999909e+02
