0.000000000000000000e+00
0.000000000000000000e+00
0.000000000000000000e+00
0.000000000000000000e+00
0.000000000000000000e+00
0.000000000000000000e+00
0.000000000000000000e+00
0.000000000000000000e+00
-3.780000000000007958e+02
0.000000000000000000e+00
0.000000000000000000e+00
0.000000000000000000e+00
0.000000000000000000e+00
0.000000000000000000e+00
0.000000000000000000e+00
0.000000000000000000e+00
0.000000000000000000e+00
0.000000000000000000e+00
0.000000000000000000e+00
0.000000000000000000e+00
0.000000000000000000e+00
0.000000000000000000e+00
0.000000000000000000e+00
0.000000000000000000e+00
0.000000000000000000e+00
0.000000000000000000e+00
0.000000000000000000e+00
0.000000000000000000e+00
0.000000000000000000e+00
0.000000000000000000e+00
0.000000000000000000e+00
0.000000000000000000e+00
0.000000000000000000e+00
0.000000000000000000e+00
0.000000000000000000e+00
0.000000000000000000e+00
0.000000000000000000e+00
-3.960000000000012369e+04
0.000000000000000000e+00
0.000000000000000000e+00
5.175684829999933243e+08
0.000000000000000000e+00
0.000000000000000000e+00
0.000000000000000000e+00
0.000000000000000000e+00
0.000000000000000000e+00
0.000000000000000000e+00
0.000000000000000000e+00
0.000000000000000000e+00
0.000000000000000000e+00
0.000000000000000000e+00
0.000000000000000000e+00
0.000000000000000000e+00
-1.000000000001609379e+00
8.900000000000480327e+01
-1.099999999999549338e+01
0.000000000000000000e+00
0.000000000000000000e+00
-7.999999999996758149e+00
-1.421085471519842671e-13
0.000000000000000000e+00
0.000000000000000000e+00
0.000000000000000000e+00
0.000000000000000000e+00
0.000000000000000000e+00
0.000000000000000000e+00
0.000000000000000000e+00
-2.842170943032993024e-14
7.190692485892263156e-12
1.136868377217563586e-13
0.000000000000000000e+00
0.000000000000000000e+00
-9.999999999998436806e-01
0.000000000000000000e+00
0.000000000000000000e+00
0.000000000000000000e+00
2.800000000000419504e+02
0.000000000000000000e+00
0.000000000000000000e+00
0.000000000000000000e+00
0.000000000000000000e+00
0.000000000000000000e+00
0.000000000000000000e+00
0.000000000000000000e+00
0.000000000000000000e+00
0.000000000000000000e+00
0.000000000000000000e+00
0.000000000000000000e+00
0.000000000000000000e+00
0.000000000000000000e+00
0.000000000000000000e+00
0.000000000000000000e+00
0.000000000000000000e+00
0.000000000000000000e+00
0.000000000000000000e+00
0.000000000000000000e+00
1.217038800000018068e+07
-5.776960000003074529e+05
-2.849763000000023469e+07
0.000000000000000000e+00
0.000000000000000000e+00
0.000000000000000000e+00
0.000000000000000000e+00
0.000000000000000000e+00
0.000000000000000000e+00
0.000000000000000000e+00
0.000000000000000000e+00
0.000000000000000000e+00
0.000000000000000000e+00
1.069311200000356697e+07
0.000000000000000000e+00
1.079999999999620428e+02
6.723999999999823558e+03
-6.870800000000183354e+04
-2.308999999999996817e+03
0.000000000000000000e+00
-9.600000000000817124e+01
2.728484105320503698e-12
8.400000000000281375e+01
1.615587133893971326e-27
0.000000000000000000e+00
0.000000000000000000e+00
0.000000000000000000e+00
0.000000000000000000e+00
0.000000000000000000e+00
0.000000000000000000e+00
0.000000000000000000e+00
0.000000000000000000e+00
-3.231548362236866498e-11
2.455999999999869033e+03
-8.813572094369188727e-11
1.402399999999888132e+04
1.440100000000003456e+04
2.100000000001184048e+02
-1.204999999999855390e+03
6.450000000000128784e+04
-6.848000000000371983e+03
6.366000000000651198e+03
-6.120000000000048885e+02
-7.133849067030386431e-12
0.000000000000000000e+00
0.000000000000000000e+00
0.000000000000000000e+00
0.000000000000000000e+00
0.000000000000000000e+00
2.144000000000085947e+03
-8.840000000000280806e+02
-9.399999999997905888e+02
0.000000000000000000e+00
0.000000000000000000e+00
0.000000000000000000e+00
0.000000000000000000e+00
1.691394599790974063e-35
0.000000000000000000e+00
3.954133790000031590e+08
0.000000000000000000e+00
0.000000000000000000e+00
0.000000000000000000e+00
0.000000000000000000e+00
0.000000000000000000e+00
0.000000000000000000e+00
0.000000000000000000e+00
0.000000000000000000e+00
0.000000000000000000e+00
0.000000000000000000e+00
0.000000000000000000e+00
0.000000000000000000e+00
0.000000000000000000e+00
0.000000000000000000e+00
0.000000000000000000e+00
0.000000000000000000e+00
0.000000000000000000e+00
0.000000000000000000e+00
0.000000000000000000e+00
-3.611547980000981092e+08
-8.662624039999809265e+08
-3.625556000000104308e+06
7.999999999996108002e+00
-3.999999999998313349e+00
-2.999999999999020339e+00
0.000000000000000000e+00
0.000000000000000000e+00
0.000000000000000000e+00
0.000000000000000000e+00
0.000000000000000000e+00
0.000000000000000000e+00
0.000000000000000000e+00
-6.403000000000122782e+03
-1.831999999999867669e+03
-6.231999999999763531e+03
-2.216000000000089130e+03
5.759999999990358219e+02
-1.168000000000251248e+03
3.721999999999762622e+03
0.000000000000000000e+00
0.000000000000000000e+00
-5.415999999999554348e+03
-1.595239999999949068e+05
3.474999999999709871e+03
-4.383999999999874490e+03
7.066000000000159162e+03
-6.136000000000572982e+03
-7.279999999997529585e+02
1.783500000000142973e+04
2.519719999999467982e+05
1.565150000000144646e+05
-1.437799999999990723e+04
-1.114620000000164291e+05
5.999999999986414423e+01
-4.052879999999914435e+05
-5.684000000000117325e+03
0.000000000000000000e+00
0.000000000000000000e+00
0.000000000000000000e+00
0.000000000000000000e+00
0.000000000000000000e+00
0.000000000000000000e+00
0.000000000000000000e+00
0.000000000000000000e+00
0.000000000000000000e+00
0.000000000000000000e+00
0.000000000000000000e+00
0.000000000000000000e+00
0.000000000000000000e+00
0.000000000000000000e+00
0.000000000000000000e+00
0.000000000000000000e+00
0.000000000000000000e+00
0.000000000000000000e+00
0.000000000000000000e+00
0.000000000000000000e+00
0.000000000000000000e+00
0.000000000000000000e+00
0.000000000000000000e+00
0.000000000000000000e+00
0.000000000000000000e+00
0.000000000000000000e+00
-7.826595282999992371e+09
5.021999844700067139e+10
1.034340000000091677e+05
0.000000000000000000e+00
-3.330000000000139266e+02
1.905999999999857437e+03
-6.976000000000224645e+03
-2.235999999999859483e+03
5.940000000007810286e+02
1.336799999999957072e+04
1.056000000000118234e+03
-4.438000000000157343e+03
-2.495000000000222371e+03
7.800000000021135804e+01
5.000000000122724941e+00
0.000000000000000000e+00
0.000000000000000000e+00
0.000000000000000000e+00
0.000000000000000000e+00
9.039999999999868123e+02
0.000000000000000000e+00
-2.000000000007578649e+01
1.757099999999786451e+04
2.115199999999825377e+04
-8.125999999999852662e+03
2.295999999999861466e+05
-1.504300000000117507e+04
-2.568400000000212458e+04
-1.770000000020174014e+02
-4.907999999999402462e+03
0.000000000000000000e+00
0.000000000000000000e+00
0.000000000000000000e+00
0.000000000000000000e+00
0.000000000000000000e+00
0.000000000000000000e+00
0.000000000000000000e+00
0.000000000000000000e+00
0.000000000000000000e+00
0.000000000000000000e+00
0.000000000000000000e+00
0.000000000000000000e+00
0.000000000000000000e+00
0.000000000000000000e+00
0.000000000000000000e+00
0.000000000000000000e+00
0.000000000000000000e+00
0.000000000000000000e+00
0.000000000000000000e+00
0.000000000000000000e+00
0.000000000000000000e+00
0.000000000000000000e+00
0.000000000000000000e+00
0.000000000000000000e+00
0.000000000000000000e+00
0.000000000000000000e+00
0.000000000000000000e+00
0.000000000000000000e+00
0.000000000000000000e+00
0.000000000000000000e+00
0.000000000000000000e+00
0.000000000000000000e+00
0.000000000000000000e+00
0.000000000000000000e+00
5.940000000000170530e+02
-6.950000000000258069e+02
1.879999999998971418e+02
-8.069999999997163513e+02
-1.800799509592479043e-10
2.350100000000206637e+04
6.440000000000202363e+02
3.186000000000513410e+03
-7.533000000006996743e+03
-1.200000000004390621e+01
-3.060000000000030468e+03
5.720000000000015461e+03
-7.692999999999002284e+03
0.000000000000000000e+00
0.000000000000000000e+00
-9.999999997802495599e-01
0.000000000000000000e+00
3.999999999952653873e+00
0.000000000000000000e+00
6.410000000000266027e+02
3.231174267915370142e-27
0.000000000000000000e+00
-2.699999999994465227e+01
8.310000000000572982e+03
1.217999999998419753e+03
0.000000000000000000e+00
0.000000000000000000e+00
0.000000000000000000e+00
0.000000000000000000e+00
0.000000000000000000e+00
0.000000000000000000e+00
0.000000000000000000e+00
0.000000000000000000e+00
0.000000000000000000e+00
0.000000000000000000e+00
0.000000000000000000e+00
0.000000000000000000e+00
0.000000000000000000e+00
0.000000000000000000e+00
0.000000000000000000e+00
0.000000000000000000e+00
0.000000000000000000e+00
0.000000000000000000e+00
0.000000000000000000e+00
0.000000000000000000e+00
0.000000000000000000e+00
0.000000000000000000e+00
0.000000000000000000e+00
0.000000000000000000e+00
0.000000000000000000e+00
0.000000000000000000e+00
0.000000000000000000e+00
0.000000000000000000e+00
0.000000000000000000e+00
0.000000000000000000e+00
0.000000000000000000e+00
0.000000000000000000e+00
0.000000000000000000e+00
0.000000000000000000e+00
2.029999999999837883e+03
-3.239999999999093234e+03
1.549999999999858460e+02
5.568000000001110493e+03
-3.518000000000446562e+03
0.000000000000000000e+00
-6.063000000000773070e+03
-3.828999999999731699e+03
-8.779999999999628244e+02
-7.321999999997175109e+03
-1.134999999999643478e+03
-2.021999999999590955e+03
-5.008000000000672117e+03
-6.568799999999025022e+04
-5.118000000000339242e+03
0.000000000000000000e+00
-1.761000000000102773e+03
2.561400000000349610e+04
2.296000000000288765e+03
1.977000000000218643e+04
3.195760000000211294e+05
-7.997869033705954103e-11
-2.674980000000135624e+05
1.925999999999799184e+04
0.000000000000000000e+00
0.000000000000000000e+00
0.000000000000000000e+00
0.000000000000000000e+00
0.000000000000000000e+00
0.000000000000000000e+00
0.000000000000000000e+00
0.000000000000000000e+00
0.000000000000000000e+00
0.000000000000000000e+00
0.000000000000000000e+00
0.000000000000000000e+00
0.000000000000000000e+00
0.000000000000000000e+00
0.000000000000000000e+00
0.000000000000000000e+00
0.000000000000000000e+00
0.000000000000000000e+00
0.000000000000000000e+00
0.000000000000000000e+00
0.000000000000000000e+00
0.000000000000000000e+00
0.000000000000000000e+00
0.000000000000000000e+00
0.000000000000000000e+00
0.000000000000000000e+00
0.000000000000000000e+00
0.000000000000000000e+00
0.000000000000000000e+00
0.000000000000000000e+00
0.000000000000000000e+00
0.000000000000000000e+00
0.000000000000000000e+00
0.000000000000000000e+00
0.000000000000000000e+00
0.000000000000000000e+00
-5.826000000000713044e+03
2.160000000001186891e+03
1.307000000000459295e+03
-8.119999999999126885e+02
-2.978999999999734428e+03
-1.311899999999753527e+04
5.799999999989515231e+01
-4.167300000000280124e+04
-1.463999999999162537e+04
3.624399999999755528e+04
-1.567599999999789907e+04
-2.520000000002662091e+03
-2.766440000000032596e+05
2.476319999999499996e+05
-2.864100000000930231e+04
-1.544149999999871070e+05
-1.859599999999616921e+04
4.638480000000780565e+05
1.048899999999445026e+04
6.588399999996238330e+04
-4.889800000001207081e+04
8.480699999999131251e+04
4.388665499999948591e+07
0.000000000000000000e+00
0.000000000000000000e+00
0.000000000000000000e+00
0.000000000000000000e+00
0.000000000000000000e+00
0.000000000000000000e+00
0.000000000000000000e+00
0.000000000000000000e+00
0.000000000000000000e+00
0.000000000000000000e+00
0.000000000000000000e+00
0.000000000000000000e+00
0.000000000000000000e+00
0.000000000000000000e+00
0.000000000000000000e+00
0.000000000000000000e+00
0.000000000000000000e+00
0.000000000000000000e+00
0.000000000000000000e+00
0.000000000000000000e+00
0.000000000000000000e+00
0.000000000000000000e+00
0.000000000000000000e+00
0.000000000000000000e+00
0.000000000000000000e+00
0.000000000000000000e+00
0.000000000000000000e+00
0.000000000000000000e+00
0.000000000000000000e+00
0.000000000000000000e+00
0.000000000000000000e+00
0.000000000000000000e+00
0.000000000000000000e+00
0.000000000000000000e+00
0.000000000000000000e+00
0.000000000000000000e+00
0.000000000000000000e+00
1.898099999999752617e+04
-3.297300000000857835e+04
3.315999999999291504e+03
-2.711999999999609827e+03
-1.619799999999913052e+04
3.913999999999615102e+04
-3.025800000000314685e+04
-1.082599999999965621e+04
7.005599999996334373e+04
6.645150000000221189e+05
-1.275799999999672582e+04
-2.859400000000075670e+05
1.190741999999965075e+06
1.573409999989774369e+05
-4.291719999997806153e+05
-1.383889999999651627e+05
-1.176619999999858410e+05
-1.520829999999744818e+06
-4.786390000000746921e+06
8.499719999999494758e+05
-8.736999999978799679e+03
-1.515858349000093460e+09
0.000000000000000000e+00
0.000000000000000000e+00
0.000000000000000000e+00
0.000000000000000000e+00
0.000000000000000000e+00
0.000000000000000000e+00
0.000000000000000000e+00
0.000000000000000000e+00
0.000000000000000000e+00
0.000000000000000000e+00
0.000000000000000000e+00
0.000000000000000000e+00
0.000000000000000000e+00
0.000000000000000000e+00
0.000000000000000000e+00
0.000000000000000000e+00
0.000000000000000000e+00
0.000000000000000000e+00
0.000000000000000000e+00
0.000000000000000000e+00
0.000000000000000000e+00
0.000000000000000000e+00
0.000000000000000000e+00
0.000000000000000000e+00
0.000000000000000000e+00
0.000000000000000000e+00
0.000000000000000000e+00
0.000000000000000000e+00
0.000000000000000000e+00
0.000000000000000000e+00
0.000000000000000000e+00
0.000000000000000000e+00
0.000000000000000000e+00
0.000000000000000000e+00
0.000000000000000000e+00
0.000000000000000000e+00
0.000000000000000000e+00
0.000000000000000000e+00
1.805999999999628199e+04
-1.511999999999763349e+04
-1.260460000000080036e+05
9.297249999998639105e+05
9.162199999999006104e+04
1.009532000000290107e+06
2.309750999999667518e+06
-1.284240000000916480e+05
2.504138499999885261e+07
5.036156699999561906e+07
-1.925397999999677297e+06
-4.327176999998373911e+06
8.129357999999620020e+06
-1.258823999999918509e+06
-1.945665499999914691e+07
-7.548320400000330806e+07
7.047881000000234693e+06
6.051750799998486042e+07
4.849122300000409782e+07
-2.286881599999775365e+07
-1.009342000000224076e+07
0.000000000000000000e+00
0.000000000000000000e+00
0.000000000000000000e+00
0.000000000000000000e+00
0.000000000000000000e+00
0.000000000000000000e+00
0.000000000000000000e+00
0.000000000000000000e+00
0.000000000000000000e+00
0.000000000000000000e+00
0.000000000000000000e+00
0.000000000000000000e+00
0.000000000000000000e+00
0.000000000000000000e+00
0.000000000000000000e+00
0.000000000000000000e+00
0.000000000000000000e+00
0.000000000000000000e+00
0.000000000000000000e+00
0.000000000000000000e+00
0.000000000000000000e+00
0.000000000000000000e+00
0.000000000000000000e+00
0.000000000000000000e+00
0.000000000000000000e+00
0.000000000000000000e+00
0.000000000000000000e+00
0.000000000000000000e+00
0.000000000000000000e+00
0.000000000000000000e+00
0.000000000000000000e+00
0.000000000000000000e+00
0.000000000000000000e+00
0.000000000000000000e+00
0.000000000000000000e+00
0.000000000000000000e+00
0.000000000000000000e+00
0.000000000000000000e+00
0.000000000000000000e+00
6.692100000000593718e+05
6.800000000033739980e+02
-2.249999999982244105e+02
8.025399999998987187e+04
-1.725840000000221189e+05
-5.936971999999679625e+06
5.798448899999403208e+07
-3.757935499999898076e+08
6.167735240000752211e+08
-4.168529454400092316e+10
5.173642900000320375e+07
9.055872499998480082e+07
-4.736444099999966472e+07
-2.442152960000295341e+08
7.714169999983103480e+05
3.832719079999786019e+08
-1.100753979999845326e+08
-7.806221599999155104e+07
-7.911278530000462532e+08
-8.154679800001068413e+07
-9.318496791999929810e+10
0.000000000000000000e+00
0.000000000000000000e+00
0.000000000000000000e+00
0.000000000000000000e+00
0.000000000000000000e+00
0.000000000000000000e+00
-4.007353254564792251e-06
9.037406463558122000e+15
1.298211505812759570e+13
1.577185882914731562e-31
0.000000000000000000e+00
0.000000000000000000e+00
0.000000000000000000e+00
0.000000000000000000e+00
0.000000000000000000e+00
0.000000000000000000e+00
0.000000000000000000e+00
0.000000000000000000e+00
7.490822642987536173e-31
0.000000000000000000e+00
0.000000000000000000e+00
0.000000000000000000e+00
0.000000000000000000e+00
0.000000000000000000e+00
0.000000000000000000e+00
2.647886284383901995e-31
0.000000000000000000e+00
-5.503297208565229412e-35
0.000000000000000000e+00
0.000000000000000000e+00
-1.024323569597718359e+13
9.726969334436701820e-19
0.000000000000000000e+00
-7.428409372699954834e+11
4.944007363600171875e+12
-6.284561132471888672e+12
6.141894938200191498e+10
0.000000000000000000e+00
0.000000000000000000e+00
1.052000000000060390e+04
-2.307842805749145323e-10
-2.272999999999984993e+03
-2.271100000000681757e+04
-7.089999999989313437e+02
-1.859999999856340196e+02
1.659999999998680096e+03
-1.134850000000974629e+06
2.296366569999237061e+08
-9.162885599998860061e+07
-3.813158299000787735e+09
5.053339039999743104e+08
1.414987419600102997e+10
-3.912913810999861717e+09
1.174683760000047684e+09
3.368989609996876121e+08
-3.017398199991358072e+07
2.747753368000220108e+10
-2.925100472999855518e+09
4.822760400000300407e+08
0.000000000000000000e+00
0.000000000000000000e+00
0.000000000000000000e+00
0.000000000000000000e+00
0.000000000000000000e+00
0.000000000000000000e+00
0.000000000000000000e+00
0.000000000000000000e+00
0.000000000000000000e+00
0.000000000000000000e+00
-1.054437303665505664e+13
-1.275022107392030938e+14
-2.398907727521084500e+15
-1.805108203640972900e+12
-6.276701459999930859e+08
-4.237120000000133296e+05
0.000000000000000000e+00
4.307891072000215530e+09
8.295839070292801250e+14
1.173553775849277760e+17
-6.236879898117731000e+15
-1.206239680000014752e+08
-7.208985979999890327e+08
3.212005417306005371e+12
0.000000000000000000e+00
4.584302872715986328e+12
-7.855157151451018750e+14
2.982914535020023926e+12
-2.802510077005106176e+18
-2.247754009510790312e+14
-2.400741700340032349e+11
4.655659536114832031e+12
0.000000000000000000e+00
0.000000000000000000e+00
0.000000000000000000e+00
0.000000000000000000e+00
-3.416768731219978638e+11
0.000000000000000000e+00
-3.555074382311923200e+18
-2.864629394076121600e+17
5.319499000000074506e+06
1.473444799999979883e+07
-3.667843999999708030e+06
3.371799999999346619e+04
-2.832300000000832733e+04
-2.225800000000387081e+04
-1.297769999999874562e+05
2.002500000000014261e+05
-1.525739999999720021e+05
2.756835999993432313e+06
-3.117134430000144243e+08
-7.077242016001338959e+09
2.446838331999978065e+09
-1.256980543999815226e+09
3.497694014399954987e+10
4.807329178000699997e+09
-1.645007083800222473e+11
-1.645697334999839211e+10
-8.411670850000737906e+08
-1.291264367999955416e+09
0.000000000000000000e+00
0.000000000000000000e+00
0.000000000000000000e+00
0.000000000000000000e+00
0.000000000000000000e+00
0.000000000000000000e+00
0.000000000000000000e+00
0.000000000000000000e+00
1.065531023402720218e-07
-6.303197197500110626e+10
0.000000000000000000e+00
2.190310712407601953e+13
-1.243812394418754000e+16
0.000000000000000000e+00
-3.462522677705278085e+01
0.000000000000000000e+00
0.000000000000000000e+00
9.361764341515346087e-07
0.000000000000000000e+00
0.000000000000000000e+00
0.000000000000000000e+00
-8.390364871956993570e-03
0.000000000000000000e+00
-7.879704617153022008e-05
0.000000000000000000e+00
0.000000000000000000e+00
0.000000000000000000e+00
-8.643851171427225852e-03
-1.258397019583540214e+03
0.000000000000000000e+00
3.000572860747807908e+02
0.000000000000000000e+00
0.000000000000000000e+00
0.000000000000000000e+00
0.000000000000000000e+00
0.000000000000000000e+00
0.000000000000000000e+00
0.000000000000000000e+00
0.000000000000000000e+00
0.000000000000000000e+00
-3.757230370000125885e+09
-4.229010000001377193e+05
-6.430363999999835156e+06
-1.710755100000250041e+08
1.680074900000198185e+07
-5.293000000000032014e+04
-2.141600000000269938e+04
-6.696000000000055479e+03
-5.754999999995206963e+03
-1.921074999999913154e+06
1.100444540000152737e+08
5.446228679500170135e+10
6.490094271999365807e+09
1.131191148949991302e+11
-4.955692660996915817e+09
2.282956724296455859e+13
-3.057814409886895418e+08
2.174534548319830017e+11
-6.126726984119913330e+11
-4.422914297600006866e+10
0.000000000000000000e+00
0.000000000000000000e+00
0.000000000000000000e+00
0.000000000000000000e+00
0.000000000000000000e+00
0.000000000000000000e+00
0.000000000000000000e+00
0.000000000000000000e+00
0.000000000000000000e+00
0.000000000000000000e+00
0.000000000000000000e+00
0.000000000000000000e+00
0.000000000000000000e+00
0.000000000000000000e+00
0.000000000000000000e+00
0.000000000000000000e+00
0.000000000000000000e+00
0.000000000000000000e+00
0.000000000000000000e+00
0.000000000000000000e+00
0.000000000000000000e+00
0.000000000000000000e+00
0.000000000000000000e+00
0.000000000000000000e+00
0.000000000000000000e+00
0.000000000000000000e+00
0.000000000000000000e+00
0.000000000000000000e+00
0.000000000000000000e+00
0.000000000000000000e+00
0.000000000000000000e+00
0.000000000000000000e+00
0.000000000000000000e+00
0.000000000000000000e+00
0.000000000000000000e+00
0.000000000000000000e+00
0.000000000000000000e+00
0.000000000000000000e+00
0.000000000000000000e+00
0.000000000000000000e+00
1.682543081000144720e+09
5.638343319000350952e+09
3.829744199999779463e+07
1.764533900000062585e+07
1.600329999999733642e+07
7.386599999998530257e+04
2.131700000000121872e+04
-9.690000000010753865e+03
-2.252999999991859568e+03
6.340032800000087172e+07
1.858716860000062466e+09
-6.612457619000433922e+09
1.625876212999736309e+09
1.839691096359975891e+11
1.019164823699978790e+11
-6.717213624397780273e+12
1.626758719602439941e+12
-1.130911994552524805e+13
-5.674427542239510498e+11
1.714152440399926186e+10
0.000000000000000000e+00
0.000000000000000000e+00
0.000000000000000000e+00
0.000000000000000000e+00
0.000000000000000000e+00
0.000000000000000000e+00
0.000000000000000000e+00
0.000000000000000000e+00
0.000000000000000000e+00
0.000000000000000000e+00
0.000000000000000000e+00
0.000000000000000000e+00
0.000000000000000000e+00
0.000000000000000000e+00
0.000000000000000000e+00
0.000000000000000000e+00
0.000000000000000000e+00
0.000000000000000000e+00
0.000000000000000000e+00
0.000000000000000000e+00
0.000000000000000000e+00
0.000000000000000000e+00
0.000000000000000000e+00
0.000000000000000000e+00
0.000000000000000000e+00
0.000000000000000000e+00
0.000000000000000000e+00
0.000000000000000000e+00
0.000000000000000000e+00
0.000000000000000000e+00
0.000000000000000000e+00
0.000000000000000000e+00
0.000000000000000000e+00
0.000000000000000000e+00
0.000000000000000000e+00
0.000000000000000000e+00
0.000000000000000000e+00
0.000000000000000000e+00
0.000000000000000000e+00
0.000000000000000000e+00
-1.739027627999727488e+09
-2.803911821000017643e+09
-4.638314481999874115e+09
-2.101785000000257418e+07
-3.309561000000407919e+06
-3.695179999999986030e+05
1.501649999999847496e+05
-5.764800000003587775e+04
2.212014000000404660e+06
1.758462659999953508e+08
2.490543745639992371e+11
-1.031069152500009155e+12
-3.206148338518646484e+12
9.301004030009289980e+08
6.183978355001288414e+09
6.996000592799887085e+10
-8.219291446322268555e+12
3.822479484358886719e+11
-2.454494664409148047e+13
1.664630690335939697e+12
0.000000000000000000e+00
0.000000000000000000e+00
0.000000000000000000e+00
0.000000000000000000e+00
0.000000000000000000e+00
0.000000000000000000e+00
0.000000000000000000e+00
0.000000000000000000e+00
0.000000000000000000e+00
0.000000000000000000e+00
0.000000000000000000e+00
0.000000000000000000e+00
0.000000000000000000e+00
0.000000000000000000e+00
0.000000000000000000e+00
0.000000000000000000e+00
-2.611704884340019531e+11
3.815059578739984741e+11
-4.962981655888396875e+13
1.430555960762164019e+19
2.246801614645417083e+20
0.000000000000000000e+00
0.000000000000000000e+00
0.000000000000000000e+00
8.186908489439869338e+19
-1.552712493803194922e+13
2.672725250523757363e+19
-1.514172740347379295e+05
2.449312962856010254e+12
3.435837024790346000e+15
1.249290997717240400e+16
-2.744981819060482000e+16
0.000000000000000000e+00
0.000000000000000000e+00
0.000000000000000000e+00
0.000000000000000000e+00
0.000000000000000000e+00
0.000000000000000000e+00
0.000000000000000000e+00
0.000000000000000000e+00
-2.707101207199898148e+10
-1.211848516999989271e+09
9.494280000000234693e+06
1.239809199999481440e+07
3.193115520000129342e+08
-4.779919889999820590e+08
-2.358587499999824464e+08
-2.306581799999767169e+07
-4.880093999999861233e+06
-9.178760799998962879e+07
-4.545818470799929810e+10
1.579413324326963623e+12
5.084503338090954102e+12
-1.104054563439888458e+11
1.320872069699968719e+10
-1.755407819999686480e+09
-3.932750464500268555e+10
-1.851542039997919500e+08
-7.535788533201250000e+11
3.933812045799912598e+12
1.147540592000039101e+09
0.000000000000000000e+00
0.000000000000000000e+00
0.000000000000000000e+00
0.000000000000000000e+00
0.000000000000000000e+00
0.000000000000000000e+00
0.000000000000000000e+00
0.000000000000000000e+00
0.000000000000000000e+00
0.000000000000000000e+00
0.000000000000000000e+00
0.000000000000000000e+00
0.000000000000000000e+00
0.000000000000000000e+00
0.000000000000000000e+00
-1.019383039382021851e+12
-1.493930487039953003e+11
2.581358510366150625e+14
-6.245550184628020000e+15
-6.764141559956355840e+17
0.000000000000000000e+00
0.000000000000000000e+00
0.000000000000000000e+00
-1.081887839209038125e+15
-2.507175972690033264e+11
-2.570701841880336400e+16
7.602786892318083750e+14
2.158569000000433065e+06
2.017656236957427310e-66
1.987838561698273000e+15
-2.591462208017997070e+12
0.000000000000000000e+00
0.000000000000000000e+00
0.000000000000000000e+00
0.000000000000000000e+00
0.000000000000000000e+00
0.000000000000000000e+00
0.000000000000000000e+00
0.000000000000000000e+00
-7.733879008232105000e+14
-1.166606929199953766e+11
-2.033272100000002086e+08
-1.772506719630002136e+11
-3.622454443479866333e+11
7.426906639998570442e+09
-2.461969599999409169e+07
3.103224650000424981e+08
-8.734065949000675201e+09
5.186828311201985931e+10
3.897591452429328613e+11
1.967989529610039000e+15
-1.351127370215336000e+15
-2.450683697130065918e+12
1.489716153184033936e+12
-4.988326035000655174e+09
8.975252454001754761e+09
-1.343786900399874306e+10
-4.957003401389219360e+11
6.547990711667879883e+12
1.217030267579006104e+12
0.000000000000000000e+00
0.000000000000000000e+00
0.000000000000000000e+00
0.000000000000000000e+00
0.000000000000000000e+00
0.000000000000000000e+00
0.000000000000000000e+00
0.000000000000000000e+00
0.000000000000000000e+00
0.000000000000000000e+00
0.000000000000000000e+00
0.000000000000000000e+00
0.000000000000000000e+00
0.000000000000000000e+00
0.000000000000000000e+00
0.000000000000000000e+00
0.000000000000000000e+00
0.000000000000000000e+00
0.000000000000000000e+00
0.000000000000000000e+00
0.000000000000000000e+00
0.000000000000000000e+00
0.000000000000000000e+00
0.000000000000000000e+00
1.019582749436434496e-33
0.000000000000000000e+00
0.000000000000000000e+00
0.000000000000000000e+00
0.000000000000000000e+00
0.000000000000000000e+00
5.835463700245754314e-32
0.000000000000000000e+00
0.000000000000000000e+00
0.000000000000000000e+00
0.000000000000000000e+00
0.000000000000000000e+00
0.000000000000000000e+00
0.000000000000000000e+00
0.000000000000000000e+00
-1.394791783297349062e+14
3.974072062400679779e+10
-3.333889539999956489e+08
3.090651525000169754e+09
5.761046729999450445e+08
-3.537890999999867380e+07
-1.996112725999263763e+10
-3.776180830979998779e+11
-2.270132545289923401e+11
1.373346720000021756e+08
1.865731038299987488e+11
2.168758575935083984e+13
-1.039174177422639844e+14
-8.747919399908536250e+14
-1.837525339530123291e+12
3.308731778800289536e+10
-2.237041079760444641e+11
5.429541034160230103e+11
7.449487677880717773e+11
4.089423520059949341e+11
-2.028351983073483203e+13
9.774250902625617188e+13
0.000000000000000000e+00
0.000000000000000000e+00
0.000000000000000000e+00
0.000000000000000000e+00
0.000000000000000000e+00
0.000000000000000000e+00
0.000000000000000000e+00
0.000000000000000000e+00
0.000000000000000000e+00
0.000000000000000000e+00
0.000000000000000000e+00
0.000000000000000000e+00
0.000000000000000000e+00
0.000000000000000000e+00
0.000000000000000000e+00
0.000000000000000000e+00
0.000000000000000000e+00
0.000000000000000000e+00
0.000000000000000000e+00
0.000000000000000000e+00
0.000000000000000000e+00
0.000000000000000000e+00
0.000000000000000000e+00
0.000000000000000000e+00
0.000000000000000000e+00
0.000000000000000000e+00
0.000000000000000000e+00
0.000000000000000000e+00
0.000000000000000000e+00
0.000000000000000000e+00
0.000000000000000000e+00
0.000000000000000000e+00
0.000000000000000000e+00
0.000000000000000000e+00
0.000000000000000000e+00
0.000000000000000000e+00
0.000000000000000000e+00
0.000000000000000000e+00
-7.786031689509808350e+11
2.766713244165148926e+12
2.233409196199925995e+10
-2.655075000005168468e+07
-1.253904209999514073e+08
-3.271582200000146031e+08
-8.209412508001266479e+10
1.618125607560065918e+11
4.628934848851513672e+12
-1.558165199999918230e+07
9.643116199995422363e+07
3.238598871000743389e+09
8.063678793031759766e+12
2.944276695036896875e+14
-6.418155837511816000e+15
-2.744584246679964600e+11
-2.251787462131777832e+12
3.446341879201359558e+10
-1.167174986214481641e+13
4.435810468890354004e+11
-1.703632230776043945e+12
-3.166242959279813232e+11
1.824140675591612400e+16
0.000000000000000000e+00
0.000000000000000000e+00
0.000000000000000000e+00
0.000000000000000000e+00
0.000000000000000000e+00
0.000000000000000000e+00
0.000000000000000000e+00
0.000000000000000000e+00
0.000000000000000000e+00
0.000000000000000000e+00
0.000000000000000000e+00
0.000000000000000000e+00
0.000000000000000000e+00
0.000000000000000000e+00
0.000000000000000000e+00
0.000000000000000000e+00
0.000000000000000000e+00
0.000000000000000000e+00
0.000000000000000000e+00
0.000000000000000000e+00
0.000000000000000000e+00
0.000000000000000000e+00
0.000000000000000000e+00
0.000000000000000000e+00
0.000000000000000000e+00
0.000000000000000000e+00
0.000000000000000000e+00
0.000000000000000000e+00
0.000000000000000000e+00
0.000000000000000000e+00
0.000000000000000000e+00
0.000000000000000000e+00
0.000000000000000000e+00
0.000000000000000000e+00
0.000000000000000000e+00
0.000000000000000000e+00
0.000000000000000000e+00
4.179942166395604004e+12
7.084358891999728203e+09
4.346266099999839067e+07
-4.074294599999133497e+07
-2.694856840002594590e+08
7.637673243819349365e+11
-1.071530727299985504e+10
-1.935664288000017405e+09
4.446086168299941254e+10
1.930567200000534579e+07
-1.087569595200058746e+10
1.158715523539971619e+11
2.578307933801776886e+10
-3.534465417984953125e+12
4.704856851335761719e+12
3.780280276080150757e+11
1.254182194832099365e+12
-1.324073932719159961e+13
-2.754222241766664062e+13
4.629891696869378906e+13
-5.226755107359585938e+13
6.130616684717698438e+13
8.725892849794394531e+12
2.865961440262890000e+15
0.000000000000000000e+00
0.000000000000000000e+00
0.000000000000000000e+00
0.000000000000000000e+00
0.000000000000000000e+00
0.000000000000000000e+00
0.000000000000000000e+00
0.000000000000000000e+00
0.000000000000000000e+00
0.000000000000000000e+00
0.000000000000000000e+00
0.000000000000000000e+00
0.000000000000000000e+00
0.000000000000000000e+00
0.000000000000000000e+00
0.000000000000000000e+00
0.000000000000000000e+00
0.000000000000000000e+00
0.000000000000000000e+00
0.000000000000000000e+00
0.000000000000000000e+00
0.000000000000000000e+00
0.000000000000000000e+00
0.000000000000000000e+00
0.000000000000000000e+00
0.000000000000000000e+00
0.000000000000000000e+00
0.000000000000000000e+00
0.000000000000000000e+00
0.000000000000000000e+00
0.000000000000000000e+00
0.000000000000000000e+00
0.000000000000000000e+00
0.000000000000000000e+00
0.000000000000000000e+00
0.000000000000000000e+00
3.287740931112959375e+13
4.347547769499967194e+10
4.770604800000745058e+07
1.574715140000016928e+09
-3.144056445999618053e+09
5.104091720006380081e+08
8.311457200013655424e+07
-1.030874024000183463e+09
-6.242594248200308228e+10
-1.758396800000210851e+07
1.076926999999680743e+07
3.716614720000198364e+09
2.386116231179890442e+11
2.303340435239782410e+11
-5.225270269415213125e+14
-8.725712683621740234e+12
-1.488151145799144688e+14
-1.285272783062337812e+14
7.735930692464505000e+14
1.968382401865517969e+13
-9.894373335274523438e+12
-8.638789748366488281e+12
6.578531250690495605e+11
-1.422148875862174805e+13
-4.188781716403542400e+16
-7.588691661003042969e+12
0.000000000000000000e+00
0.000000000000000000e+00
0.000000000000000000e+00
0.000000000000000000e+00
0.000000000000000000e+00
0.000000000000000000e+00
0.000000000000000000e+00
0.000000000000000000e+00
0.000000000000000000e+00
0.000000000000000000e+00
0.000000000000000000e+00
0.000000000000000000e+00
0.000000000000000000e+00
0.000000000000000000e+00
0.000000000000000000e+00
0.000000000000000000e+00
0.000000000000000000e+00
0.000000000000000000e+00
0.000000000000000000e+00
0.000000000000000000e+00
0.000000000000000000e+00
0.000000000000000000e+00
0.000000000000000000e+00
0.000000000000000000e+00
0.000000000000000000e+00
0.000000000000000000e+00
0.000000000000000000e+00
0.000000000000000000e+00
0.000000000000000000e+00
0.000000000000000000e+00
0.000000000000000000e+00
0.000000000000000000e+00
0.000000000000000000e+00
0.000000000000000000e+00
2.623223149710013672e+12
4.633823599998988956e+07
1.316287340000550747e+08
5.862975199999985099e+07
-1.013536349999936521e+08
-6.250488359999657869e+08
-7.303516359999874830e+08
-8.481322130000576973e+08
-1.033944798000158310e+09
5.620796099999381602e+07
-1.053697360000073463e+08
-5.044067767999095917e+09
2.267450034399936295e+10
-3.123658074573194824e+12
-3.760394857329990723e+12
-1.817279454991980469e+12
1.573265446636405000e+14
-1.577144148499827000e+15
2.666597940371718000e+16
-6.108156521060553711e+12
-6.075444694229459375e+13
-2.886612458062725000e+14
-1.164912004730891094e+14
1.616049058667062891e+13
-4.938680127403167500e+14
4.052684253506420312e+13
6.675566554742172500e+14
0.000000000000000000e+00
0.000000000000000000e+00
0.000000000000000000e+00
0.000000000000000000e+00
0.000000000000000000e+00
0.000000000000000000e+00
0.000000000000000000e+00
0.000000000000000000e+00
0.000000000000000000e+00
0.000000000000000000e+00
0.000000000000000000e+00
0.000000000000000000e+00
0.000000000000000000e+00
0.000000000000000000e+00
0.000000000000000000e+00
0.000000000000000000e+00
0.000000000000000000e+00
0.000000000000000000e+00
0.000000000000000000e+00
0.000000000000000000e+00
0.000000000000000000e+00
0.000000000000000000e+00
0.000000000000000000e+00
0.000000000000000000e+00
0.000000000000000000e+00
0.000000000000000000e+00
0.000000000000000000e+00
0.000000000000000000e+00
0.000000000000000000e+00
0.000000000000000000e+00
0.000000000000000000e+00
0.000000000000000000e+00
0.000000000000000000e+00
-1.301227710000044405e+08
-1.340764800000578910e+07
2.608977241359967041e+11
-6.794235617999766350e+09
1.375653430000208616e+09
-3.658178399999522418e+07
1.472424719999809265e+08
5.460243000000375509e+07
6.722284520009474754e+08
6.141960850499754333e+10
1.302907004199823380e+10
-7.267736715500062561e+10
3.170638379700258255e+10
-1.783887389871987305e+12
-4.355516297344090332e+12
8.593719637498240234e+12
2.075906804533708438e+14
-1.914866259067391250e+14
1.592286364142076172e+12
-1.105958117487450000e+13
2.496652805940005859e+12
6.326031450809397461e+12
1.107838755296807188e+14
-5.086753513764891406e+13
-1.036915163042198438e+13
1.287784825582967529e+12
6.838578324175407812e+13
4.442055141776134375e+13
-4.728845964770308228e+11
0.000000000000000000e+00
0.000000000000000000e+00
0.000000000000000000e+00
0.000000000000000000e+00
0.000000000000000000e+00
0.000000000000000000e+00
0.000000000000000000e+00
0.000000000000000000e+00
0.000000000000000000e+00
0.000000000000000000e+00
0.000000000000000000e+00
0.000000000000000000e+00
0.000000000000000000e+00
0.000000000000000000e+00
0.000000000000000000e+00
0.000000000000000000e+00
0.000000000000000000e+00
0.000000000000000000e+00
0.000000000000000000e+00
0.000000000000000000e+00
0.000000000000000000e+00
0.000000000000000000e+00
0.000000000000000000e+00
0.000000000000000000e+00
0.000000000000000000e+00
0.000000000000000000e+00
0.000000000000000000e+00
0.000000000000000000e+00
0.000000000000000000e+00
1.347751714699856607e-01
-8.872726395963218750e+13
4.662234000000893138e+06
1.258374780000339597e+08
6.083540936880078125e+11
1.008670378660075226e+11
9.222878990001915693e+08
1.149498270999943018e+09
3.279640000000866712e+05
8.762138199999161065e+07
3.339289784399958038e+10
-1.258943039999608517e+09
6.909492978000301361e+09
-4.823950800240170288e+11
1.645322467579886475e+11
-2.400549151619908142e+11
-3.732687328457787109e+12
1.651396345991918457e+12
1.447888813981998242e+13
-1.126972711387200000e+13
3.708109954339267500e+14
-1.857190053208776562e+13
4.317778938943957031e+12
-3.554844078901356875e+14
-1.342447797901165161e+11
-2.385109877901551875e+14
3.592959002890133667e+11
-2.812413861541009277e+12
-9.855470634770364990e+11
1.332347253628177979e+12
2.809154749999897003e+09
-5.665863703799263763e+10
-3.537814320000448823e+08
-2.681943000001065433e+06
-2.915119999999901047e+05
0.000000000000000000e+00
0.000000000000000000e+00
0.000000000000000000e+00
0.000000000000000000e+00
0.000000000000000000e+00
0.000000000000000000e+00
0.000000000000000000e+00
0.000000000000000000e+00
0.000000000000000000e+00
0.000000000000000000e+00
0.000000000000000000e+00
0.000000000000000000e+00
0.000000000000000000e+00
0.000000000000000000e+00
0.000000000000000000e+00
0.000000000000000000e+00
0.000000000000000000e+00
0.000000000000000000e+00
0.000000000000000000e+00
0.000000000000000000e+00
0.000000000000000000e+00
0.000000000000000000e+00
-1.607848644700127563e+11
-9.501684772220911042e-09
-7.740360281616194507e-07
0.000000000000000000e+00
0.000000000000000000e+00
-2.474933199999827147e+07
-5.931034580001345873e+08
-4.042008439999462962e+08
-4.458091952700251770e+10
-2.762101063398621750e+10
4.471212859200653839e+10
-4.744390699999420345e+07
-1.628047988000018597e+09
-3.294567244300402069e+10
-3.632961665999675274e+09
8.715868439995975494e+08
1.176735299619878998e+11
1.326174815999836922e+09
5.723549650601963867e+12
4.243560395009914062e+13
1.601134313117983154e+12
1.973823357567562744e+12
2.345380946091862109e+13
2.248634834174120938e+14
-1.631698119050368125e+14
-2.991806330216255078e+13
-2.833232516178856250e+14
-1.834866987175002812e+14
-6.778521521254530000e+15
-1.312125141045291250e+14
-9.635521252468070312e+12
-2.523719035052716797e+13
1.238127761817816797e+13
1.718803613359626465e+11
-3.067668980199953079e+10
1.175529500000213273e+07
-5.870957999999718741e+06
4.835140000000394066e+05
-3.951999999978369942e+03
9.467400000187617843e+04
3.170304499999886990e+09
-4.274135569999878407e+08
0.000000000000000000e+00
0.000000000000000000e+00
0.000000000000000000e+00
0.000000000000000000e+00
0.000000000000000000e+00
0.000000000000000000e+00
0.000000000000000000e+00
0.000000000000000000e+00
0.000000000000000000e+00
0.000000000000000000e+00
0.000000000000000000e+00
0.000000000000000000e+00
0.000000000000000000e+00
0.000000000000000000e+00
-6.328357819999909401e+08
-3.431807292477343602e-37
1.867740276361152806e-37
1.190431071413204120e-40
0.000000000000000000e+00
0.000000000000000000e+00
0.000000000000000000e+00
0.000000000000000000e+00
0.000000000000000000e+00
1.185566999999305699e+06
-1.176365399999980442e+07
-1.408652000001707114e+06
5.377971669999711514e+08
1.323349839999819547e+08
-1.177676969998053461e+08
9.236123399993801117e+07
-1.421873201999974728e+09
8.787169689977370501e+08
1.006466278700030899e+10
2.723055817000411510e+09
2.375730234800004959e+10
4.437158159999777675e+08
2.322125463600654984e+10
3.573223579700954437e+10
-1.853036043000147629e+10
-1.127147732835180664e+13
-4.435745728655134375e+13
-2.303099995191895312e+13
1.689204060026961426e+12
2.241438582447875000e+12
-2.167586721562660000e+14
1.293137654791500750e+15
5.260866753417179000e+15
2.948036528805599000e+15
1.274926397531876709e+12
2.017539043289545625e+14
-4.540131796286412500e+13
-1.007961176140287323e+11
1.298979486998332787e+10
1.610861999999532476e+07
1.690078600000054389e+07
9.562771999992772937e+06
6.150000000002590241e+04
-1.893600000000427463e+04
2.437800000000400541e+04
1.294140000000021391e+05
-9.885731451099969482e+10
0.000000000000000000e+00
0.000000000000000000e+00
0.000000000000000000e+00
0.000000000000000000e+00
0.000000000000000000e+00
0.000000000000000000e+00
0.000000000000000000e+00
-7.024358992938378750e+14
0.000000000000000000e+00
0.000000000000000000e+00
0.000000000000000000e+00
0.000000000000000000e+00
0.000000000000000000e+00
0.000000000000000000e+00
0.000000000000000000e+00
0.000000000000000000e+00
0.000000000000000000e+00
0.000000000000000000e+00
0.000000000000000000e+00
0.000000000000000000e+00
0.000000000000000000e+00
0.000000000000000000e+00
-3.245679999999156571e+05
-1.639444999999497551e+06
1.024706779999832213e+08
-8.443624000001518056e+06
2.076539400000113249e+08
2.783479399999304861e+07
6.963996999999372289e+06
-1.054433282999830008e+09
-6.782359832999754906e+09
8.456484121999862671e+10
-1.219302305100020790e+10
3.320969160000348091e+08
-4.705765710000141859e+08
-3.353628300000046194e+07
4.720933434000000000e+09
-6.337309910001081467e+09
-4.460491284216242188e+12
4.918998928740680542e+11
-1.491657675892931396e+12
-4.851459077419417114e+11
-9.750213177102258301e+10
-2.009741344883849365e+12
8.823176472316814000e+15
-3.787689473724570312e+13
-6.965798702477728000e+15
-1.560324451180161743e+11
2.423040128500400085e+11
1.173582570925840576e+12
3.495479266199660492e+10
-1.295359768299542999e+10
2.729480000009332434e+05
1.042377040000046343e+08
-1.461957000000263005e+07
3.503800000001176959e+05
1.031539999999777880e+06
-4.167359999999438296e+05
-1.574800000000021100e+04
1.391884112682867383e+13
0.000000000000000000e+00
0.000000000000000000e+00
0.000000000000000000e+00
0.000000000000000000e+00
0.000000000000000000e+00
0.000000000000000000e+00
-1.168913892846000488e+12
0.000000000000000000e+00
0.000000000000000000e+00
0.000000000000000000e+00
0.000000000000000000e+00
0.000000000000000000e+00
0.000000000000000000e+00
0.000000000000000000e+00
0.000000000000000000e+00
0.000000000000000000e+00
0.000000000000000000e+00
0.000000000000000000e+00
0.000000000000000000e+00
0.000000000000000000e+00
0.000000000000000000e+00
0.000000000000000000e+00
-4.286799999999549618e+04
-1.127969999999933178e+06
5.598679999995462131e+05
-8.985199000000216067e+06
2.708466000000275206e+06
6.831179999996537808e+05
1.634979720000039637e+08
1.452235760000131428e+08
1.627230339999907613e+08
-8.689724790000019073e+09
-8.181375829997386932e+08
1.128073862100032997e+10
6.169340489999609947e+09
3.673393600000141561e+07
1.255303439999903738e+08
1.459777307000241280e+09
1.063164003999866867e+10
-1.133435686388042969e+12
7.627977920055522919e+08
1.999423689760211487e+11
-8.331601324999429321e+10
-8.924826593725025391e+12
1.294692139699409570e+13
-3.040385407735850098e+12
-9.584001199000090332e+11
-1.745285779859841309e+11
-2.294153440788210938e+12
-7.056675151701816406e+12
1.709057696059945374e+11
3.406931573200232697e+10
-1.397430000000012806e+06
2.135329999999641441e+05
9.490017999986220151e+06
-1.889475242933452388e-09
1.918180000000127766e+05
-4.330000000000334694e+03
1.457124426075021729e+12
2.582019523990061569e+10
0.000000000000000000e+00
0.000000000000000000e+00
0.000000000000000000e+00
0.000000000000000000e+00
-3.380570592398754816e+18
0.000000000000000000e+00
0.000000000000000000e+00
0.000000000000000000e+00
0.000000000000000000e+00
0.000000000000000000e+00
0.000000000000000000e+00
0.000000000000000000e+00
0.000000000000000000e+00
0.000000000000000000e+00
0.000000000000000000e+00
0.000000000000000000e+00
0.000000000000000000e+00
0.000000000000000000e+00
0.000000000000000000e+00
0.000000000000000000e+00
0.000000000000000000e+00
0.000000000000000000e+00
-1.171799999999886204e+05
-1.118100000000962609e+04
1.523490000000160653e+05
3.824989999999707099e+06
-2.986920299999697208e+08
1.634993999999880604e+07
2.043620699999977276e+07
-5.874006000000325590e+07
1.516623609999963641e+08
3.740483999968847726e+06
-2.189398799998326972e+07
-1.299259650500084686e+10
4.465444321999817848e+09
6.305859800012673438e+07
1.051067090000001639e+08
1.140508081980001831e+11
-3.344778779999947548e+09
-7.049429072102330017e+10
-1.539251454399979973e+10
5.209145264129907837e+11
-5.230194330540171509e+11
-2.413240872001241684e+09
-1.894919048163185312e+14
-1.130492404670294750e+15
1.433667557604340000e+15
5.235447258486344727e+12
-1.342170121206853516e+13
-1.345970641559745361e+12
1.092349598299601746e+10
-4.390617260999678612e+09
-1.488300000000082946e+04
1.153566399999996647e+07
2.583838000000428408e+06
-1.333500000000550244e+04
1.407697999999558553e+06
4.251239999999731663e+05
1.301017615452657920e+18
0.000000000000000000e+00
0.000000000000000000e+00
0.000000000000000000e+00
4.232846087282406006e+11
0.000000000000000000e+00
0.000000000000000000e+00
0.000000000000000000e+00
0.000000000000000000e+00
0.000000000000000000e+00
0.000000000000000000e+00
0.000000000000000000e+00
0.000000000000000000e+00
0.000000000000000000e+00
0.000000000000000000e+00
0.000000000000000000e+00
0.000000000000000000e+00
0.000000000000000000e+00
0.000000000000000000e+00
0.000000000000000000e+00
0.000000000000000000e+00
0.000000000000000000e+00
0.000000000000000000e+00
0.000000000000000000e+00
-8.991199999999834108e+04
-3.438080000000399887e+05
2.798359999999607680e+05
1.387748999999975786e+06
8.263376399998630583e+07
-6.882140699999190867e+07
-5.305546000000385568e+06
2.230619999978953274e+05
-4.532600000000387663e+05
2.577585923999879837e+09
2.415459184999864101e+09
1.031005545100009918e+11
8.185112520000122786e+08
2.407074233999964237e+09
4.316983398999882698e+09
-7.364141570100627136e+10
-6.270347137199573517e+10
1.880110546819947815e+11
-3.278126103000000000e+10
8.050450776341094727e+12
1.303873750279993408e+12
-9.278660156998567581e+09
-4.288048304536286621e+12
-9.131632329728708750e+14
1.185689085770847500e+15
5.395797987759401245e+11
-7.038719568537947266e+12
1.085747792742917725e+12
-2.908138467119949951e+11
3.439199999999968713e+04
-3.626160000000007916e+06
-5.458721800000140816e+07
-5.813497999999132007e+06
-2.739270000000227592e+05
-1.149889999999954016e+05
3.043030361549927219e+19
5.942711089827982247e-21
0.000000000000000000e+00
-4.199664532814075713e-31
4.491067172608291875e+14
-6.957446875372797304e-41
0.000000000000000000e+00
0.000000000000000000e+00
0.000000000000000000e+00
0.000000000000000000e+00
0.000000000000000000e+00
0.000000000000000000e+00
0.000000000000000000e+00
0.000000000000000000e+00
0.000000000000000000e+00
0.000000000000000000e+00
0.000000000000000000e+00
0.000000000000000000e+00
0.000000000000000000e+00
0.000000000000000000e+00
0.000000000000000000e+00
0.000000000000000000e+00
0.000000000000000000e+00
0.000000000000000000e+00
0.000000000000000000e+00
4.320000000001656190e+03
2.465840000000429864e+05
-1.639020000000062282e+05
1.909952000000134576e+06
3.543040000000662403e+05
-2.192044839999928474e+08
1.417323499999955483e+07
-2.160852000000501052e+06
-9.405783999999107793e+06
1.289123080000198334e+08
-3.809761249999994755e+09
9.195235154000976562e+10
-7.653490194490040283e+11
-2.675900328728547852e+12
-2.110923858701007812e+12
1.481960956350815000e+16
-1.185184905770091406e+14
-1.201120017204006592e+12
-3.262093060149931152e+12
4.486885225168999023e+12
-6.073309772769887695e+11
-1.245919843999819756e+09
1.933338547559783936e+11
2.410011359970187378e+11
1.532625399487637109e+13
-8.351682363299237061e+10
1.645513067179876953e+12
1.935694112180016479e+11
1.938302651999994516e+09
1.324369999999832071e+05
-2.296332000000231899e+06
-4.915930000003098976e+05
3.436530000000744476e+05
4.598640000018801074e+05
7.393873764352790400e+16
6.530876915320552979e+11
2.431034471999897957e+09
2.352900441000000000e+11
0.000000000000000000e+00
0.000000000000000000e+00
0.000000000000000000e+00
0.000000000000000000e+00
0.000000000000000000e+00
0.000000000000000000e+00
0.000000000000000000e+00
0.000000000000000000e+00
0.000000000000000000e+00
0.000000000000000000e+00
0.000000000000000000e+00
0.000000000000000000e+00
0.000000000000000000e+00
0.000000000000000000e+00
0.000000000000000000e+00
0.000000000000000000e+00
0.000000000000000000e+00
0.000000000000000000e+00
0.000000000000000000e+00
0.000000000000000000e+00
0.000000000000000000e+00
0.000000000000000000e+00
-6.087000000000936780e+03
2.553799999999924330e+04
3.198100000000737418e+04
6.403109999999008141e+05
-8.545509999998268904e+05
7.944776599997271597e+07
4.166379000002343673e+06
1.803467000000638515e+07
2.022771900000065327e+09
3.934616381998870373e+09
-1.299127185000064850e+09
-1.053430617999891877e+09
2.465878020000335872e+08
1.168781468924979736e+12
5.482730880000403404e+09
2.729788164130050964e+11
-9.747555659670067139e+11
-5.994679479999960661e+08
-6.259349699998705089e+07
-2.551507845999988079e+09
-8.662927838399615479e+10
-8.223624999999012798e+06
-1.757744711850286865e+11
7.752674356174990234e+12
1.794892956536547119e+12
2.651701838759869080e+11
1.031275395301922417e+10
5.314276520000110865e+08
2.312429800000019372e+07
-7.113400000002728484e+04
1.246773999999838648e+06
3.213680000000120490e+05
4.584400000000560249e+04
-1.270799999999795364e+04
-1.712800000000514774e+04
-5.329070518200782160e-15
0.000000000000000000e+00
0.000000000000000000e+00
0.000000000000000000e+00
0.000000000000000000e+00
0.000000000000000000e+00
0.000000000000000000e+00
0.000000000000000000e+00
0.000000000000000000e+00
0.000000000000000000e+00
0.000000000000000000e+00
0.000000000000000000e+00
0.000000000000000000e+00
0.000000000000000000e+00
0.000000000000000000e+00
0.000000000000000000e+00
0.000000000000000000e+00
0.000000000000000000e+00
0.000000000000000000e+00
0.000000000000000000e+00
0.000000000000000000e+00
0.000000000000000000e+00
0.000000000000000000e+00
0.000000000000000000e+00
0.000000000000000000e+00
-1.537900000000225009e+04
-4.694900000000307045e+04
-8.871000000001094304e+04
3.296000000000440650e+03
2.956300000001027365e+04
-5.065200000002505840e+04
2.472324000000340864e+06
-2.014679999999650463e+05
6.229080000001697335e+05
-1.504715999999969080e+07
-6.851073000000476837e+06
-1.151440000000075204e+06
-8.806649999997447012e+05
1.580905873799933815e+10
5.674927155999887466e+09
-9.014633849999662638e+08
-7.137541299999746680e+07
3.811253309999946356e+08
1.857037439999140501e+08
-5.397804999999974854e+06
-8.575700562001551628e+09
3.251191200000898242e+08
3.140928000002545305e+06
-3.033460865131923340e+12
1.611546395187784570e+13
-8.027835731560112305e+11
6.454109181399990082e+10
1.000544829999947548e+08
-4.395484000001071952e+06
1.040029999999932916e+05
1.627200000002106208e+04
-5.151999999995665348e+03
-2.611999999999219290e+04
-2.501499999999891952e+04
4.640000000000000909e+03
0.000000000000000000e+00
0.000000000000000000e+00
0.000000000000000000e+00
0.000000000000000000e+00
0.000000000000000000e+00
0.000000000000000000e+00
0.000000000000000000e+00
0.000000000000000000e+00
0.000000000000000000e+00
0.000000000000000000e+00
0.000000000000000000e+00
0.000000000000000000e+00
0.000000000000000000e+00
0.000000000000000000e+00
0.000000000000000000e+00
0.000000000000000000e+00
0.000000000000000000e+00
0.000000000000000000e+00
0.000000000000000000e+00
0.000000000000000000e+00
0.000000000000000000e+00
0.000000000000000000e+00
0.000000000000000000e+00
0.000000000000000000e+00
0.000000000000000000e+00
-2.060099999999385182e+04
-4.596200000001875014e+04
3.154789999999128049e+05
4.487000000004475623e+03
1.081161826724360123e-09
9.160000000001314220e+02
-4.956000000002160959e+03
2.575599999999469583e+04
-3.843299999999937427e+04
5.025093899999619275e+07
-3.787457100000213832e+07
-2.582369519999635220e+08
-5.953015000000996515e+06
-1.757523280001044273e+08
-6.072599053699900055e+10
-4.020207000000043213e+07
8.713199999999809370e+04
4.682731109998352528e+08
-1.311974039999890566e+09
-6.727731999999617226e+06
-1.726136900000071228e+08
2.749230659999909401e+09
5.526087409999278784e+08
4.439913579900317993e+11
-5.016284127999662781e+10
-5.039709158759898682e+11
-2.413082167998606682e+09
9.940615869999946356e+08
-3.228339000000469014e+07
3.322839999999645515e+05
-2.011340000000006403e+05
-6.692280000002485467e+05
-2.028039300000395253e+07
-9.255830000000166474e+05
0.000000000000000000e+00
0.000000000000000000e+00
0.000000000000000000e+00
0.000000000000000000e+00
0.000000000000000000e+00
0.000000000000000000e+00
0.000000000000000000e+00
0.000000000000000000e+00
0.000000000000000000e+00
0.000000000000000000e+00
0.000000000000000000e+00
0.000000000000000000e+00
0.000000000000000000e+00
0.000000000000000000e+00
0.000000000000000000e+00
0.000000000000000000e+00
0.000000000000000000e+00
0.000000000000000000e+00
0.000000000000000000e+00
0.000000000000000000e+00
0.000000000000000000e+00
0.000000000000000000e+00
0.000000000000000000e+00
0.000000000000000000e+00
0.000000000000000000e+00
0.000000000000000000e+00
6.717809999998712447e+05
2.057001999999676598e+06
-1.021312000000100699e+06
6.023699999999636202e+04
-4.705000000000044565e+03
-3.419999999999978900e+04
-7.577500000000378350e+04
4.616179999999878928e+05
9.534000000001955414e+03
3.146088000000108499e+06
-8.364182500003588200e+07
-3.250598500000328571e+07
-1.272832800000156164e+09
1.291793700000253320e+07
-1.655005176000226498e+09
4.722595399995213002e+07
-4.322553200000465661e+07
5.936771800000140667e+08
-8.925994999999057502e+06
9.942907999993322417e+06
2.389400561000027084e+10
-2.203826114670109253e+11
3.386547659999412894e+08
-2.241001752000334740e+09
6.969622665000205040e+09
-9.518297220002418518e+09
1.499682744399822998e+10
-6.505442400002647936e+07
3.714586999999180436e+06
7.525199999999858846e+04
-3.922000000004654339e+03
7.018962000000483356e+06
-2.478229999999997206e+06
-1.899999999999993634e+03
0.000000000000000000e+00
0.000000000000000000e+00
0.000000000000000000e+00
0.000000000000000000e+00
0.000000000000000000e+00
0.000000000000000000e+00
0.000000000000000000e+00
0.000000000000000000e+00
0.000000000000000000e+00
0.000000000000000000e+00
0.000000000000000000e+00
0.000000000000000000e+00
0.000000000000000000e+00
0.000000000000000000e+00
0.000000000000000000e+00
0.000000000000000000e+00
0.000000000000000000e+00
0.000000000000000000e+00
0.000000000000000000e+00
0.000000000000000000e+00
0.000000000000000000e+00
0.000000000000000000e+00
0.000000000000000000e+00
0.000000000000000000e+00
0.000000000000000000e+00
0.000000000000000000e+00
-5.678319999999336433e+05
-7.220099999999966531e+04
1.765999999999875945e+04
-3.325340003358161708e-10
-4.460000000000512955e+03
3.200000000001314504e+01
1.734800000000593354e+04
3.503199999998916610e+04
1.905139999999153661e+05
4.930880000002183369e+05
-1.731692000000161352e+06
-9.671630000021221349e+05
-2.299338300000892952e+07
2.076689739000847340e+09
-9.295191730000026226e+08
-7.153946579999910593e+08
-6.143815780000816584e+08
-1.605722490000127554e+08
-1.504876734000211954e+09
1.158802679999918193e+08
-4.151096399999557436e+07
1.628939731999845982e+09
1.478009959999967515e+08
-4.132711000000192318e+06
-4.318520000000798609e+05
-1.187424499999992177e+07
-3.856510650000122190e+08
3.501759999999275897e+05
2.445440000000481959e+05
-4.836840000000279397e+05
7.835299999997076520e+04
1.645232399999985658e+07
-3.197999999999989086e+03
0.000000000000000000e+00
0.000000000000000000e+00
0.000000000000000000e+00
0.000000000000000000e+00
0.000000000000000000e+00
0.000000000000000000e+00
0.000000000000000000e+00
0.000000000000000000e+00
0.000000000000000000e+00
0.000000000000000000e+00
0.000000000000000000e+00
0.000000000000000000e+00
0.000000000000000000e+00
0.000000000000000000e+00
0.000000000000000000e+00
0.000000000000000000e+00
0.000000000000000000e+00
0.000000000000000000e+00
0.000000000000000000e+00
0.000000000000000000e+00
0.000000000000000000e+00
0.000000000000000000e+00
0.000000000000000000e+00
0.000000000000000000e+00
0.000000000000000000e+00
0.000000000000000000e+00
0.000000000000000000e+00
-8.819999999999602096e+02
8.123999999999556167e+03
-1.093999999996479573e+03
-3.999400000000157161e+04
-3.220000000003078071e+02
6.345999999994190148e+03
-1.661999999999900410e+03
-8.177299999999350985e+04
1.012822999999680324e+06
-2.545225700000521168e+07
3.001736399999716878e+07
2.626287999999920838e+06
-6.953161400000023842e+07
-2.512932060000275373e+08
-2.190192035999697685e+09
-5.164746999998556077e+07
6.720842400001554191e+07
6.700614380000036955e+08
8.649460700000032783e+07
-9.714607560001618862e+08
2.017687600001555681e+07
-1.763399188100217056e+10
-8.770354000011795759e+07
-8.284260000001109438e+05
-9.180775999997852370e+06
-4.222747099998252839e+07
1.410473999999972992e+06
6.718259999996718252e+05
1.905469999999956926e+05
1.771000000000040018e+04
7.610280000000000000e+05
2.676999999999978536e+04
0.000000000000000000e+00
0.000000000000000000e+00
0.000000000000000000e+00
0.000000000000000000e+00
0.000000000000000000e+00
0.000000000000000000e+00
0.000000000000000000e+00
0.000000000000000000e+00
0.000000000000000000e+00
0.000000000000000000e+00
0.000000000000000000e+00
0.000000000000000000e+00
0.000000000000000000e+00
0.000000000000000000e+00
0.000000000000000000e+00
0.000000000000000000e+00
0.000000000000000000e+00
0.000000000000000000e+00
0.000000000000000000e+00
0.000000000000000000e+00
0.000000000000000000e+00
0.000000000000000000e+00
0.000000000000000000e+00
0.000000000000000000e+00
0.000000000000000000e+00
0.000000000000000000e+00
0.000000000000000000e+00
0.000000000000000000e+00
-9.136000000001798981e+03
-3.959999999999895408e+03
-7.307800000000337604e+04
-9.811999999999690772e+03
1.009499999999988904e+04
-1.182100000000098407e+04
7.380000000001579110e+02
1.316100000000122782e+04
2.107780000000050932e+05
3.022680000000088941e+06
-8.835999999997926352e+03
2.170000000287211606e+02
1.087347999999776948e+06
1.151962000000090338e+06
-1.253273850000048876e+08
-1.611390019999958277e+08
-7.377169999997015111e+06
-4.821736100000657886e+07
6.112401499994792789e+07
6.272806740000250340e+08
-7.512468600004126132e+07
-3.276017434900101089e+10
-4.216752290000378489e+08
1.646039999999721767e+05
-2.403021999999835622e+06
1.364792300000232272e+07
3.736399999996776751e+04
-5.749799999999937136e+05
7.560600000000643195e+04
2.143599999999791908e+04
2.456414999999820720e+06
-8.144040000000052387e+05
0.000000000000000000e+00
0.000000000000000000e+00
0.000000000000000000e+00
0.000000000000000000e+00
0.000000000000000000e+00
0.000000000000000000e+00
0.000000000000000000e+00
0.000000000000000000e+00
0.000000000000000000e+00
0.000000000000000000e+00
0.000000000000000000e+00
0.000000000000000000e+00
0.000000000000000000e+00
0.000000000000000000e+00
0.000000000000000000e+00
0.000000000000000000e+00
0.000000000000000000e+00
0.000000000000000000e+00
0.000000000000000000e+00
0.000000000000000000e+00
0.000000000000000000e+00
0.000000000000000000e+00
0.000000000000000000e+00
0.000000000000000000e+00
0.000000000000000000e+00
0.000000000000000000e+00
0.000000000000000000e+00
0.000000000000000000e+00
-5.170000000000625732e+03
-8.964999999999699867e+03
6.140000000001527951e+04
5.337120000000427244e+05
4.773999999999675310e+03
-2.486999999999924330e+04
-3.155000000000038199e+03
-2.126512299582860148e-10
-1.819800000000051659e+04
3.380000000000769433e+03
0.000000000000000000e+00
1.739999999999641886e+03
-1.394999999999987813e+04
-1.730880000000097207e+05
-3.978599999999982538e+04
-5.373496000000289641e+06
-3.789404100000315905e+07
-1.664092260000150502e+08
-4.747978800000157952e+07
4.807151239998817444e+08
3.037703600000004470e+07
-4.755450529999820590e+08
-7.737426920001642704e+08
-3.651627999999954365e+06
-2.728170000000663567e+05
-1.936339999999737833e+06
1.944630000001195294e+05
3.228799999936731547e+04
3.395679999999983120e+05
-2.656000000000259206e+03
8.065200000000157161e+04
-1.800000000000111982e+02
4.199999999999992042e+02
0.000000000000000000e+00
0.000000000000000000e+00
0.000000000000000000e+00
0.000000000000000000e+00
0.000000000000000000e+00
0.000000000000000000e+00
0.000000000000000000e+00
0.000000000000000000e+00
0.000000000000000000e+00
0.000000000000000000e+00
0.000000000000000000e+00
0.000000000000000000e+00
0.000000000000000000e+00
0.000000000000000000e+00
0.000000000000000000e+00
0.000000000000000000e+00
0.000000000000000000e+00
0.000000000000000000e+00
0.000000000000000000e+00
0.000000000000000000e+00
0.000000000000000000e+00
0.000000000000000000e+00
0.000000000000000000e+00
0.000000000000000000e+00
0.000000000000000000e+00
0.000000000000000000e+00
0.000000000000000000e+00
1.543799999999976535e+04
-4.870600000000246218e+05
-1.665579999999977008e+05
8.900910000000227010e+05
5.399899999998458952e+04
-7.951199999999870488e+04
-9.844999999997824489e+03
1.020499999999833381e+04
3.181570000000409200e+05
-8.599999999975256060e+01
2.263000000000265572e+04
-1.069000000000016189e+04
-2.060999999999881402e+04
4.864999999999684405e+03
4.689582056018000225e-11
-5.164000000001533772e+04
-3.205290999999772757e+06
1.017181199999975041e+07
-3.354970000003149034e+05
-1.888979999999853608e+05
-6.678500000000950240e+04
-2.216200000000054424e+05
-4.003314300001823902e+07
-6.329499460000323057e+08
2.536500039999829233e+08
-9.480724860000364780e+08
1.228454500000099838e+07
-2.092369900000113249e+07
-9.035500000008844654e+04
2.400000000035200998e+01
-9.370000000006132268e+02
-5.398099999999281863e+04
1.853700000000039654e+04
0.000000000000000000e+00
0.000000000000000000e+00
0.000000000000000000e+00
0.000000000000000000e+00
0.000000000000000000e+00
0.000000000000000000e+00
0.000000000000000000e+00
0.000000000000000000e+00
0.000000000000000000e+00
0.000000000000000000e+00
0.000000000000000000e+00
0.000000000000000000e+00
0.000000000000000000e+00
0.000000000000000000e+00
0.000000000000000000e+00
0.000000000000000000e+00
0.000000000000000000e+00
0.000000000000000000e+00
0.000000000000000000e+00
0.000000000000000000e+00
0.000000000000000000e+00
0.000000000000000000e+00
0.000000000000000000e+00
0.000000000000000000e+00
0.000000000000000000e+00
0.000000000000000000e+00
0.000000000000000000e+00
3.071999999999707798e+05
-2.278048000000110827e+06
-1.787279999999950523e+05
6.767500000001766603e+04
-4.605800000000619912e+04
-2.855599999998903877e+04
-1.250000000006142500e+03
3.774700000000184518e+05
5.000000000000501132e+03
-2.621959999999767635e+06
2.357464000000040047e+06
-3.810000000000854470e+03
-1.915999999999579359e+03
8.800999999999841384e+04
-2.859199999999834836e+04
1.979830000000113214e+05
2.431800000000235377e+04
1.146698000000015460e+07
1.649352899999953434e+07
-1.045648199999993294e+07
-1.431307999999866588e+06
-7.302105586860948554e-10
7.830005999998017214e+06
1.787573606000196934e+09
2.639722999999764841e+06
-1.684565389999933243e+08
1.465208799999952316e+08
9.887781399999675155e+07
-5.734273399999026954e+07
1.599999999939513451e+01
-3.626000000000424734e+03
-1.252799999999916690e+04
6.239999999999502052e+02
1.573599999999997272e+04
-3.589999999999954525e+02
-3.489999999999788542e+02
1.143999999999979536e+03
-3.569999999999913030e+02
0.000000000000000000e+00
0.000000000000000000e+00
1.847411112976239026e-13
-4.594335498108302192e-60
0.000000000000000000e+00
0.000000000000000000e+00
0.000000000000000000e+00
0.000000000000000000e+00
0.000000000000000000e+00
0.000000000000000000e+00
2.099999999999027267e+01
4.444999999999499778e+03
-4.199000000000105501e+03
1.060000000000019469e+02
1.975999999999883357e+03
5.631000000000235559e+03
0.000000000000000000e+00
0.000000000000000000e+00
-1.059999999999970584e+02
4.037000000000020009e+03
0.000000000000000000e+00
0.000000000000000000e+00
2.055219999999881256e+05
-1.882259999999949068e+05
-1.119800000000208820e+04
-1.992000000000139835e+03
-3.926559999999374268e+05
1.026840000000066502e+05
1.480840000000029104e+05
4.213679999999958673e+05
-2.875799999998783096e+04
1.293120000000705768e+05
1.041607999999979045e+06
5.855700000005845504e+04
1.013629999999886961e+06
3.456993900000177324e+07
-1.600619999999231077e+05
1.150000000000009823e+04
9.741200000002818706e+04
-1.409400000001118497e+04
1.307729999999909051e+05
-1.237009000000061002e+06
1.467920000000138534e+05
-5.817399999999747524e+04
-1.979999999999182592e+03
-8.462560000008029165e+05
-2.820365980000051856e+08
-1.768681819999970794e+08
3.536257200000804663e+07
5.275705670700574493e+10
-1.632625999999808380e+06
7.320000000000272848e+03
4.249999999999454303e+02
6.424999999998822204e+03
6.077999999999105967e+03
-9.999999999795488037e-01
-5.400000000022708235e+01
7.509999999998390194e+02
1.509999999999975842e+02
9.999999999977761789e+00
0.000000000000000000e+00
0.000000000000000000e+00
-2.619000000000176897e+03
0.000000000000000000e+00
0.000000000000000000e+00
2.399999999992509814e+01
2.380000000001279545e+02
0.000000000000000000e+00
0.000000000000000000e+00
5.400000000000696332e+01
6.779999999998439080e+02
7.490000000000051159e+02
0.000000000000000000e+00
0.000000000000000000e+00
0.000000000000000000e+00
0.000000000000000000e+00
-2.730000000000810019e+02
5.620000000000957243e+02
2.074999999999956799e+03
-1.087999999999882675e+03
6.600000000002951595e+01
-2.955857780764759394e-11
6.900791049701669075e-11
-9.167999999998239218e+03
-4.295999999999502506e+03
-5.650800000000068394e+04
-2.550349999999827996e+05
-1.679999999997667828e+03
-1.817840000000466825e+05
-1.526899999999640859e+05
1.854904800000025332e+07
9.046156000000322238e+06
2.507720000000117871e+05
-3.267609000000006054e+06
1.311648000000441214e+06
1.793679999999771535e+05
1.053600000008103780e+04
-9.687899999999180436e+05
7.269679999996508704e+05
7.689799999998850399e+04
-1.227199999999674219e+04
3.123999999999735519e+04
-1.111999999998005933e+03
-5.036400000000226428e+05
-4.312000000000975888e+03
-1.569999999992416519e+02
-3.305620000000269501e+05
2.254248600000047684e+07
-1.183704000000855187e+06
-6.476959999999545980e+05
-2.399146893830297512e-25
3.922195901391924085e-12
-5.250000000000405635e+03
0.000000000000000000e+00
-3.235999999999878582e+03
-5.789999999998063913e+02
-4.774847184214519778e-12
-5.456968210636209911e-12
0.000000000000000000e+00
-5.051041971797841600e-39
0.000000000000000000e+00
0.000000000000000000e+00
7.389644451930711593e-13
0.000000000000000000e+00
0.000000000000000000e+00
1.014999999999971124e+03
0.000000000000000000e+00
0.000000000000000000e+00
0.000000000000000000e+00
3.635071051253285351e-26
-1.136868377210778120e-13
0.000000000000000000e+00
0.000000000000000000e+00
0.000000000000000000e+00
6.821210263303851254e-13
0.000000000000000000e+00
5.000000000000146372e+01
3.410605131651980153e-13
0.000000000000000000e+00
-1.100000000000370370e+01
0.000000000000000000e+00
-6.692153050095556712e-39
-4.179999999999841748e+03
3.771099999997502891e+04
-3.698855999999856111e+06
-7.128950000000307336e+05
3.244550000000001746e+05
8.543909000003296882e+06
2.868318000000649132e+06
2.797474999999970198e+06
1.833550000000015425e+05
1.525800000000777982e+04
-6.868017599999868870e+07
1.482126025999974012e+09
5.047052000000020862e+07
4.050590000001259032e+05
-8.196300000000295695e+05
1.841024000000111293e+06
-3.664321000000165310e+06
-6.512040000001336448e+05
4.040399999996126280e+04
1.283599999999756983e+04
1.468999999999964530e+03
-8.260000000000972022e+02
-4.270000000000520686e+02
-1.152700000000053114e+04
-6.633900000000458385e+04
3.705000000002335582e+03
1.000000000058392402e+00
0.000000000000000000e+00
1.679999999999085105e+02
5.513811629497905691e-12
-4.319999999998869953e+02
3.780000000000145519e+02
1.970000000000129319e+02
-1.350999999999836109e+04
-7.240000000001695071e+02
-1.136868377208314350e-13
-2.427413262095371005e-52
0.000000000000000000e+00
-5.684341886110022157e-14
0.000000000000000000e+00
0.000000000000000000e+00
0.000000000000000000e+00
0.000000000000000000e+00
0.000000000000000000e+00
0.000000000000000000e+00
0.000000000000000000e+00
0.000000000000000000e+00
0.000000000000000000e+00
0.000000000000000000e+00
0.000000000000000000e+00
0.000000000000000000e+00
0.000000000000000000e+00
0.000000000000000000e+00
0.000000000000000000e+00
0.000000000000000000e+00
0.000000000000000000e+00
0.000000000000000000e+00
0.000000000000000000e+00
0.000000000000000000e+00
0.000000000000000000e+00
-3.569999999999929969e+03
-3.362951999999128282e+06
6.046339000000740401e+06
-3.055299999999816995e+06
8.451440699999824166e+07
-2.275860000000032887e+05
-8.105999999999824468e+03
-3.068999999999547072e+03
-4.712099999995862163e+04
-3.867525599999656528e+07
-4.073377999999909662e+06
1.185650000000018626e+06
1.626220000000224682e+05
-8.193501900000448525e+07
4.558990999999531545e+06
5.800652000000902452e+06
-7.155409999999693595e+06
2.464779560000263155e+08
-2.452800000000003638e+04
-4.612019999999894644e+05
2.188471626139098378e-12
-6.480000000000764885e+03
-3.900000000002988543e+01
-3.053459683056328009e-24
-1.132000000000389491e+03
7.799999999822149732e+01
1.063000000000169848e+03
-4.590000000000648583e+02
2.100000000001693081e+02
5.669999999998441353e+02
0.000000000000000000e+00
0.000000000000000000e+00
0.000000000000000000e+00
0.000000000000000000e+00
0.000000000000000000e+00
3.256000000000172804e+03
1.367999999999756710e+03
0.000000000000000000e+00
0.000000000000000000e+00
0.000000000000000000e+00
0.000000000000000000e+00
0.000000000000000000e+00
0.000000000000000000e+00
0.000000000000000000e+00
0.000000000000000000e+00
0.000000000000000000e+00
0.000000000000000000e+00
0.000000000000000000e+00
0.000000000000000000e+00
0.000000000000000000e+00
0.000000000000000000e+00
0.000000000000000000e+00
1.696366490588316451e-26
0.000000000000000000e+00
0.000000000000000000e+00
0.000000000000000000e+00
0.000000000000000000e+00
0.000000000000000000e+00
0.000000000000000000e+00
0.000000000000000000e+00
4.301799999999712600e+04
-3.104189999999800930e+05
2.314847999999747146e+06
6.143220000000273576e+05
8.445000000000771252e+03
-1.581199999999797910e+04
-1.012079999999997235e+05
5.065848000000231713e+07
-1.115622000000226544e+06
7.563799999999423744e+04
-4.929000000000608452e+03
3.516741999999921303e+06
7.834962000000373460e+06
2.515280000000120199e+05
1.450119999999587890e+05
1.453580000000228756e+05
2.103540999994870741e+06
-7.080000000002251909e+03
3.879999999991568984e+03
8.236000000012858436e+03
-2.787999999999956344e+03
1.999999999997162803e+01
-1.330000000002419256e+02
1.755999999999785359e+03
-2.499999999999981242e+02
-8.600000000000518412e+02
1.200000000006002132e+01
-7.239999999999881766e+02
1.729999999999937472e+02
6.650680006722038911e-12
-2.000000000001872280e+00
-6.779999999999708962e+02
0.000000000000000000e+00
0.000000000000000000e+00
-7.999999999885561763e+00
-1.000000000014525270e+00
0.000000000000000000e+00
8.860000000000709406e+02
1.999999999993282040e+00
0.000000000000000000e+00
0.000000000000000000e+00
0.000000000000000000e+00
0.000000000000000000e+00
0.000000000000000000e+00
0.000000000000000000e+00
0.000000000000000000e+00
0.000000000000000000e+00
0.000000000000000000e+00
0.000000000000000000e+00
0.000000000000000000e+00
0.000000000000000000e+00
0.000000000000000000e+00
-3.700506567836702484e-11
0.000000000000000000e+00
0.000000000000000000e+00
0.000000000000000000e+00
1.999999999988774979e+00
0.000000000000000000e+00
0.000000000000000000e+00
0.000000000000000000e+00
-8.999999999963707253e+00
1.296000000000256659e+04
9.284000000000221189e+04
-4.356000000001768967e+03
-4.979999999999875513e+02
-4.023360000000340515e+05
-2.069625999999965308e+06
1.307080000000117871e+05
-3.999999999993432453e+01
-1.685999999999967031e+03
-1.911699999999600404e+05
-3.027000000002061824e+03
-4.064000000000434738e+03
-2.005999999999974534e+04
0.000000000000000000e+00
1.883759999999956344e+05
1.477928890372934490e-12
7.789332916426215321e-67
2.450000000000445652e+03
-3.720000000003814762e+02
1.803000000000511363e+03
6.020000000000923137e+02
3.193999999999665761e+03
4.399999999999644018e+01
-1.160999999999947931e+03
-2.780000000000039563e+03
-7.389999999999052989e+02
-1.489999999999908766e+02
1.071999999999990450e+03
8.230000000001695071e+02
2.017999999999587089e+03
9.639999999999837428e+02
1.164000000000028422e+03
0.000000000000000000e+00
0.000000000000000000e+00
1.500000000001069722e+01
2.188471626140399330e-11
-8.899999999998094609e+02
4.009999999998480007e+02
0.000000000000000000e+00
0.000000000000000000e+00
0.000000000000000000e+00
0.000000000000000000e+00
0.000000000000000000e+00
0.000000000000000000e+00
0.000000000000000000e+00
0.000000000000000000e+00
0.000000000000000000e+00
-1.566073072317389530e-53
0.000000000000000000e+00
0.000000000000000000e+00
0.000000000000000000e+00
0.000000000000000000e+00
4.849916845299872561e-27
0.000000000000000000e+00
0.000000000000000000e+00
1.748259964091034109e-40
5.239000000000195541e+03
0.000000000000000000e+00
0.000000000000000000e+00
2.158799999999736028e+05
-3.402999999999563443e+03
1.999999999989110266e+00
8.879999999998659632e+02
-6.226000000004403773e+03
3.224699999999246938e+04
4.974199999999913853e+05
-2.281999999999653937e+03
-1.194999999999713054e+03
-5.300599999999893043e+04
-7.999999999990242472e+00
-4.539999999999763531e+02
-1.725000000000019645e+04
-1.846900000000121145e+04
3.760000000000045111e+04
-5.396000000000388354e+03
-4.199999999999972289e+01
-3.650999999999925421e+03
6.520000000001240323e+02
-2.304000000000217824e+03
2.000000000004264678e+01
6.809999999991512141e+02
1.376999999999703505e+03
3.680000000000334808e+02
-1.534772309240883602e-12
6.764366844434212642e-12
-6.039999999999995453e+02
9.399999999999600959e+02
1.196000000000050704e+03
0.000000000000000000e+00
-3.729999999999295710e+02
-5.650000000000183036e+02
4.362085261507833377e-26
0.000000000000000000e+00
0.000000000000000000e+00
-8.000000000021271873e+00
-2.999999999991978861e+00
-1.261799999999823740e+04
-1.899999999999371170e+01
-4.523643974897327331e-26
0.000000000000000000e+00
0.000000000000000000e+00
0.000000000000000000e+00
0.000000000000000000e+00
3.410605131666532554e-13
0.000000000000000000e+00
0.000000000000000000e+00
0.000000000000000000e+00
0.000000000000000000e+00
-2.460000000000065029e+03
0.000000000000000000e+00
2.000000000003410605e+00
0.000000000000000000e+00
5.968558980385208098e-13
0.000000000000000000e+00
0.000000000000000000e+00
-1.793301718613411970e-25
2.901856532843989373e-11
-5.530430762505002540e-39
0.000000000000000000e+00
6.120000000000293312e+02
-1.872999999999997090e+04
7.399999999999176907e+02
-3.567000000000085947e+03
4.204599999999753345e+04
-2.807979999999976717e+05
1.716000000000486580e+03
9.996000000000542059e+03
-1.303680000000039436e+05
-3.391999999999877218e+03
-5.347999999999736247e+03
1.785499999999996726e+04
-1.464000000000454747e+03
2.368000000000044110e+03
5.899999999997386624e+01
-1.089999999999996135e+03
-1.072000000000093223e+03
-1.428000000000244654e+03
1.311600000000059299e+04
2.064000000000103228e+03
2.069999999999492502e+03
3.371999999999889496e+03
-1.530000000000081627e+03
-1.273292582482448177e-11
-3.126388037344384272e-13
3.589000000000157343e+03
5.719999999998998419e+02
2.839999999999919851e+02
4.319999999999836859e+02
2.407224829500449898e-25
3.358999999999966803e+03
-1.159999999999943384e+03
4.059999999998719318e+02
-2.059999999999802753e+02
0.000000000000000000e+00
9.000000000076145312e+00
8.599999999988799004e+01
8.430000000000816271e+02
3.979999999998356088e+02
9.490000000000002274e+02
0.000000000000000000e+00
0.000000000000000000e+00
0.000000000000000000e+00
0.000000000000000000e+00
0.000000000000000000e+00
5.684341886113717813e-14
1.224975676450839397e-11
0.000000000000000000e+00
-4.280000000001097646e+02
1.959999999999297700e+02
0.000000000000000000e+00
-5.839999999999730562e+02
0.000000000000000000e+00
-6.999999999992279065e+00
-4.739999999999437819e+02
0.000000000000000000e+00
-1.800000000000239453e+01
5.279999999999849933e+02
-4.450000000000233058e+02
-4.219999999999719762e+02
2.078699999999925421e+04
-1.027999999995954795e+03
-4.609000000001170702e+04
-2.110000000000249543e+02
2.000000000452274662e+00
-2.464999999999387364e+04
2.208900000000106957e+04
1.958899999999959982e+04
5.741999999999926331e+03
9.429999999997321538e+02
2.164000000000107320e+03
1.922000000000413365e+03
3.808000000000702585e+03
1.851999999999293095e+03
-7.999999999999657803e+02
4.072000000000296495e+03
-2.233999999999798092e+03
-2.000000000009063683e+01
9.999999999714113130e-01
-1.999999999980491827e+00
4.000000000033200998e+00
3.560000000000730438e+02
-5.069999999999083116e+02
8.970000000000476348e+02
2.299999999992471089e+01
8.000000000106000542e+00
-5.115907697505666189e-13
1.051999999999714419e+03
-3.599999999998784972e+01
4.909999999999711235e+02
-3.599999999986843591e+01
0.000000000000000000e+00
1.014999999999911552e+03
0.000000000000000000e+00
1.011000000000259661e+03
-2.239999999999923830e+02
9.659999999999104148e+02
-8.740000000000339924e+02
0.000000000000000000e+00
-1.999999999997431610e+00
0.000000000000000000e+00
0.000000000000000000e+00
0.000000000000000000e+00
-1.080024958355306141e-10
0.000000000000000000e+00
-2.999999999987181365e+00
3.999999999996686206e+00
1.095999999999998408e+03
2.700000000006295053e+01
-1.100000000002627765e+01
1.134000000000140744e+03
8.970000000001082299e+02
1.705302565824417656e-13
0.000000000000000000e+00
0.000000000000000000e+00
0.000000000000000000e+00
0.000000000000000000e+00
2.370000000000194404e+02
0.000000000000000000e+00
0.000000000000000000e+00
-1.181800000000046930e+04
-7.375000000002401976e+03
-7.280000000002062279e+02
-1.081199999999970532e+04
-1.381710000000035798e+05
1.377299999999929059e+04
-2.730799999998806743e+04
-4.187999999999741704e+04
1.199999999999166533e+01
1.673599999999922511e+04
-3.850000000000107434e+02
-5.088999999999963620e+03
1.286000000000078444e+03
-2.459999999999778993e+03
1.330000000000068496e+02
7.200000000006183143e+01
-1.899999999999281641e+01
2.223100000000245564e+04
-3.979039320269898218e-13
-6.934897101019107727e-11
-1.000000000000297540e+00
0.000000000000000000e+00
1.148000000000084128e+03
-4.058620106660107694e-11
-4.320099833414109907e-12
2.526000000000011369e+03
0.000000000000000000e+00
-1.799999999996698463e+01
0.000000000000000000e+00
-5.330000000001414264e+02
3.900000000001489298e+01
-2.000000000004337419e+00
-5.790000000000197815e+02
0.000000000000000000e+00
-3.440000000000313776e+02
-2.319000000000125056e+03
-1.421085471513824609e-13
5.000000000000778755e+01
0.000000000000000000e+00
2.842170943047078924e-14
0.000000000000000000e+00
0.000000000000000000e+00
0.000000000000000000e+00
0.000000000000000000e+00
5.684341886168910308e-14
0.000000000000000000e+00
0.000000000000000000e+00
1.000000000000010481e+01
4.139999999999348574e+02
0.000000000000000000e+00
1.560000000000252612e+03
0.000000000000000000e+00
0.000000000000000000e+00
0.000000000000000000e+00
0.000000000000000000e+00
0.000000000000000000e+00
0.000000000000000000e+00
0.000000000000000000e+00
0.000000000000000000e+00
0.000000000000000000e+00
3.521169000000136439e+06
-6.116999999999298780e+03
-6.555000000000490218e+03
-1.978600000000147338e+04
1.496000000000213277e+03
3.200000000000132161e+01
1.339200000000234832e+04
-7.529999999999872671e+02
1.705302565824405539e-13
-7.409999999999867214e+03
0.000000000000000000e+00
6.000000000014130030e+00
8.048000000000096406e+03
2.723999999999849479e+03
7.200000000000327418e+02
6.509999999999268994e+02
1.250555214937762797e-12
4.060000000001016360e+02
-4.800000000001413980e+01
-4.519051799432172462e-12
-7.431700815908585279e-26
-1.063999999999879265e+03
-1.767000000000271712e+03
8.000000000066473049e+00
2.120999999999976808e+03
0.000000000000000000e+00
1.460000000000183888e+02
-1.292000000000017280e+03
1.828084350563527339e-10
-5.230000000000136424e+02
-1.999999999995264455e+00
-4.000000000029559466e+00
-3.129230208287293164e-11
7.639999999999166675e+02
5.700000000000896705e+01
4.159999999999338343e+02
-4.800000000001371347e+01
-1.619999999999085674e+02
-1.680000000000008811e+02
2.608000000000047294e+03
2.842170943019432190e-14
-5.115907697474404578e-13
2.000000000006619150e+00
2.100000000002177458e+01
8.402946362423351078e-27
4.846761401683933999e-27
1.399999999988117949e+01
5.115907697476312990e-13
5.929023343376851924e-25
0.000000000000000000e+00
7.199999999998138378e+01
9.759999999998904059e+02
-4.000000000007640111e+00
0.000000000000000000e+00
5.684341886011531295e-14
1.199999999996065867e+02
-4.790000000000109139e+02
1.136868377232604702e-13
1.424999999999834699e+03
-1.389999999999942020e+03
1.530000000000308546e+03
-1.985599999999914144e+04
-3.402999999999881402e+04
3.889999999999957708e+03
-1.473000000000066848e+03
-2.343000000000660748e+03
-2.400000000001647606e+02
-4.529999999999518536e+02
6.866000000000202817e+03
7.099999999999680540e+02
2.359999999999947249e+03
-5.650000000000228511e+02
9.799999999999472777e+01
1.060000000000041382e+03
-2.015000000000511363e+03
-4.999999999998260058e+00
2.359999999999686509e+02
5.240000000000185310e+02
-1.583999999999983402e+03
3.999999999993776534e+00
0.000000000000000000e+00
-7.803285856700114863e-25
1.221000000000195087e+03
9.599999999998728129e+01
8.479999999999812417e+02
4.111999999999611646e+03
-1.260000000000351434e+02
5.684341886118079898e-14
1.136868377209065598e-13
-1.167200000000160435e+04
-8.799999999956389729e+01
-1.106000000000142791e+03
-2.199999999994996358e+01
-6.252776074691357523e-13
-9.780000000001402896e+02
9.659999999999292868e+02
0.000000000000000000e+00
-3.673419846321309152e-40
-5.192646312934881305e-11
-9.300000000000277396e+02
4.380000000000218847e+02
-1.195698159976983349e-37
-1.705302565848621171e-13
9.999999999920206051e-01
1.200000000000070877e+01
0.000000000000000000e+00
-2.842170943046125980e-12
-3.999999999999972999e+01
-3.000000000002340883e+01
-3.600000000003220890e+01
0.000000000000000000e+00
-5.456968210637334360e-12
-5.684341886079775589e-13
6.740000000000035243e+02
-5.159999999999399733e+02
-3.599999999956869345e+01
6.887000000003431524e+03
-7.673861546201412815e-12
3.137999999999366992e+03
-6.939999999999089368e+02
-2.889999999999577085e+02
1.027399999999961983e+04
1.041800000000105501e+05
-4.668999999999289685e+03
4.124000000000364707e+03
-3.460000000000342766e+02
0.000000000000000000e+00
-6.359999999999548663e+02
-1.420000000000116415e+03
3.176000000000052751e+03
0.000000000000000000e+00
-1.089999999999542837e+02
1.424999999999725787e+03
-1.344000000000120735e+03
0.000000000000000000e+00
3.850000000006324399e+02
-1.875832822403617493e-12
-8.000000000081138651e+00
-6.821210263297792802e-13
3.320000000000228511e+02
0.000000000000000000e+00
2.600000000007409540e+01
-1.020999999999998863e+03
2.300000000000212879e+02
-4.348521542851965003e-12
-1.178000000000197588e+03
0.000000000000000000e+00
-2.711431079659966837e-11
1.278976924368185666e-11
-5.312000000000202817e+03
-5.816113682008289429e-26
1.103999999999876081e+03
0.000000000000000000e+00
2.040000000000718785e+02
-5.926000000000504770e+03
-7.199999999999898819e+02
-9.235112674588465271e-12
0.000000000000000000e+00
1.819999999999819011e+03
1.000000000022287061e+00
1.000000000012683410e+00
0.000000000000000000e+00
-5.900000000025741542e+01
-3.369999999999059810e+02
4.000000000023360869e+00
5.968558980386698679e-12
-9.038103598867550248e-11
9.180212146025285587e-11
1.296999999999995453e+03
2.440000000000345324e+02
-3.269999999998873363e+02
-5.969999999999943157e+02
2.373999999999918145e+03
-1.500000000003318057e+01
3.840000000000160298e+02
-1.683999999999905640e+03
1.038000000000352884e+03
6.099999999997140065e+01
0.000000000000000000e+00
0.000000000000000000e+00
-2.849999999999862212e+03
-4.529999999999944862e+02
-5.489000000000132786e+03
2.900000000001281819e+01
6.789999999998650537e+02
5.810000000000379714e+02
0.000000000000000000e+00
3.839999999999467946e+02
9.689999999998022986e+02
1.007999999999855163e+03
-2.199000000000256023e+03
2.121999999999988177e+03
8.099999999999529336e+02
-7.300000000000704858e+01
2.760000000000449631e+02
-3.999999999999567457e+00
-2.557953848743822157e-13
-9.225287200819500275e-12
0.000000000000000000e+00
4.080000000000636646e+02
-3.462000000000524778e+03
1.380000000000349871e+02
1.876000000000050022e+03
1.124000000000232376e+03
3.694822225951845651e-12
7.799999999999045031e+02
8.460000000000245564e+02
7.699999999994858513e+01
-5.057999999999749889e+03
-1.000000000000149640e+02
4.199999999998973408e+02
-3.600000000003118572e+01
5.684341886124325404e-13
-1.650732883718186577e-10
-5.900346877752188599e-11
1.090000000000050022e+02
1.080024958355603102e-12
0.000000000000000000e+00
0.000000000000000000e+00
0.000000000000000000e+00
0.000000000000000000e+00
0.000000000000000000e+00
1.399999999997708677e+01
1.090000000000254659e+03
2.939999999999581632e+02
-9.200000000013238832e+01
-1.100000000001710809e+01
2.399999999994981437e+01
9.999999999999899956e+02
2.750000000000374598e+02
-4.000000000000947580e+02
3.889999999999628812e+02
0.000000000000000000e+00
-3.697999999999622105e+03
-2.529999999999056399e+02
1.705302565824003278e-11
-2.480000000000179057e+02
2.090999999999856300e+03
4.119999999999287752e+02
-2.039999999999522799e+02
-1.318999999999935426e+03
5.227999999999637112e+03
-9.000000000016289192e+00
8.139999999999896545e+02
7.550000000000355840e+02
6.300000961276631080e-26
1.043697359648424588e-10
1.236000000000051159e+03
3.560000000000139266e+02
-5.939999999999955435e+03
-8.780000000001546141e+02
-2.568000000000052751e+03
0.000000000000000000e+00
0.000000000000000000e+00
3.379999999999108695e+02
-9.000000000001073204e+02
4.999999999986869170e+00
-1.748000000000023192e+03
0.000000000000000000e+00
0.000000000000000000e+00
1.259999999999928377e+02
-8.099999999999537295e+02
8.875226851536371871e-31
2.399999999999514344e+01
-5.288000000000181899e+03
-4.082999999999696229e+03
0.000000000000000000e+00
-3.999999999999524825e+00
2.899999999998467715e+01
-3.197442310920452048e-12
0.000000000000000000e+00
2.000000000000119904e+00
3.689999999998901785e+02
1.009999999999990564e+03
3.850000000000777618e+02
-1.160000000000089386e+02
6.800000000000551381e+01
0.000000000000000000e+00
0.000000000000000000e+00
1.000000000012280132e+01
-4.800000000012935431e+01
-8.270911951956050712e-40
-4.092726157978572082e-12
-4.501998773776917601e-11
-1.240000000000439684e+02
0.000000000000000000e+00
0.000000000000000000e+00
0.000000000000000000e+00
-2.300798440656870646e-13
1.023181539494468335e-12
-2.285000000000287400e+03
-3.231174267781680618e-27
-5.255286267641223526e-38
0.000000000000000000e+00
-4.359999999999447027e+03
-2.078999999999893589e+03
1.519999999999783995e+02
8.089999999999723741e+02
6.090000000000742375e+02
3.480000000000003411e+02
7.330000000000682121e+02
1.648999999999755573e+03
7.000000000000243361e+00
-9.540000000000545697e+02
1.079999999999889866e+02
5.700000000000695763e+02
-1.380000000001400338e+02
9.290000000000682121e+02
4.560000000000022169e+02
-4.248000000000069122e+03
6.446999999999743522e+03
0.000000000000000000e+00
-7.500000000000192131e+02
1.200000000001704237e+01
-9.150000000000362661e+02
-5.260000000001772378e+02
1.343999999999981128e+03
2.640000000000524665e+02
-1.139999999999993406e+03
2.593765202618675922e-10
1.272000000000038654e+03
2.225999999999808551e+03
-2.039999999999459419e+02
1.432000000000029559e+03
-4.870995208686391626e-25
1.000000000013222312e+00
0.000000000000000000e+00
0.000000000000000000e+00
-3.899999999999795364e+01
-5.465999999999987267e+03
0.000000000000000000e+00
0.000000000000000000e+00
-8.885729236394428869e-27
3.200000000001428191e+01
3.230000000000332534e+02
-1.200000000000013642e+02
2.273736754444768189e-13
0.000000000000000000e+00
0.000000000000000000e+00
-2.100364326906847102e-11
2.405000000000113232e+03
3.199999999997523048e+01
-1.790567694115558087e-12
8.479999999999051852e+02
4.739999999999513420e+02
1.366000000000062073e+03
0.000000000000000000e+00
-4.970000000000322871e+02
1.534772309241948557e-11
-4.999999999992742232e+02
1.799999999999921840e+02
1.860000000000081855e+02
3.194600139977442747e-11
-2.096000000000245564e+03
4.999999999995418420e+01
1.682000000000441332e+03
-1.817999999999977490e+03
0.000000000000000000e+00
-9.000000000013917756e+00
-2.000000000058205885e+00
1.199000000000028922e+04
-1.082999999999943157e+03
-1.999999999997860156e+00
0.000000000000000000e+00
5.999999999997739053e+01
0.000000000000000000e+00
-2.546000000000136879e+03
-1.309999999999997499e+03
-1.050000000000005457e+03
3.410605131647109158e-13
1.705302565827998201e-13
7.270142102523889729e-26
-2.800000000000364366e+02
-4.239999999999333227e+02
-1.154000000000012733e+03
-4.029999999999998295e+02
1.799999999999123546e+01
1.179999999999156728e+02
5.627498467226213483e-12
6.650000000000095497e+02
0.000000000000000000e+00
1.000000000000223110e+01
-4.240916226468665996e-27
-1.200000000002830802e+01
-1.200000000000512124e+01
-1.379999999999913598e+02
-1.727471499179712846e-10
3.999999999976403764e+00
2.805000000000273303e+03
1.934000000000180307e+03
5.840000000000192131e+02
2.911999999999529791e+03
-7.443645699831440660e-11
-1.519999999998795772e+02
7.200000000003115019e+01
-6.999999999986562749e+00
4.400000000000889600e+02
3.897999999999390184e+03
1.999999999993823829e+00
0.000000000000000000e+00
-1.025999999999957026e+03
2.699999999993407940e+01
1.702460394881367097e-11
-4.899999999976400034e+01
1.424999999999863803e+03
-4.302000000000280124e+03
8.819999999999743068e+02
-1.710000000000243858e+02
9.909999999996015276e+02
6.940000000000562750e+02
1.890000000000109424e+02
-1.406874616804840364e-11
2.000000000010622614e+00
1.428999999999928832e+03
-4.203999999999221473e+03
3.370000000000223963e+02
0.000000000000000000e+00
-5.684341886083344775e-14
-5.599999999998505018e+01
-1.136868377214897868e-13
3.556700000000858563e+04
-6.486400000000329601e+04
-1.705302565824128769e-12
0.000000000000000000e+00
6.680000000000294449e+02
0.000000000000000000e+00
-2.639999999999732267e+02
4.000000000000290434e+00
6.000000000010138557e+00
5.590000000000064801e+02
0.000000000000000000e+00
0.000000000000000000e+00
1.583275391214863334e-25
1.999999999997301936e+00
8.900000000002408740e+01
1.487769418703630358e-51
0.000000000000000000e+00
-9.550000000001748504e+02
9.999999999991567279e+01
0.000000000000000000e+00
2.100000000002749445e+01
-4.280309440218731721e-11
5.100000000000469527e+02
-1.200000000007398349e+01
2.500000000000006040e+01
0.000000000000000000e+00
3.000000000000076739e+02
1.063999999999956799e+03
4.999999999992402522e+00
1.345600000000166983e+04
-1.593000000000044338e+03
-5.319999999999311058e+02
0.000000000000000000e+00
2.232000000000162800e+03
1.999999999997417399e+00
7.958078640512018434e-13
0.000000000000000000e+00
0.000000000000000000e+00
0.000000000000000000e+00
9.999999999985336174e-01
-1.483108988914630384e-24
-2.182999999999720330e+03
2.557953848735745938e-12
2.220000000000232490e+02
-1.751999999999978854e+03
-2.089999999999890292e+02
8.000000000002843947e+00
-3.199999999999550369e+02
5.110000000001020908e+02
1.610000000000010687e+03
-6.821210263308940353e-13
1.000000000000582823e+01
-1.859000000000592991e+03
-1.427000000000230784e+03
4.545857059820180762e-38
-1.705302565821115800e-13
0.000000000000000000e+00
0.000000000000000000e+00
-4.547473508859027024e-13
1.705302565823163556e-13
