95
38
44
12
72
15
45
94
87
2
31
0
70
87
97
38
5
56
70
10
46
64
98
94
22
76
8
64
79
45
70
65
24
48
8
15
86
65
55
18
41
72
39
63
40
87
50
32
33
75
1
41
47
85
15
74
12
13
26
60
82
38
9
37
72
50
56
31
82
7
91
21
16
96
93
9
73
78
55
80
6
38
67
60
77
60
53
18
15
31
49
38
47
35
92
21
7
58
42
7
33
6
7
46
63
10
11
69
41
34
19
46
39
60
34
58
3
89
50
92
27
51
66
10
85
20
33
42
76
70
41
57
25
14
22
19
34
12
30
16
42
76
21
9
33
5
75
65
28
25
99
30
96
78
93
89
58
21
36
28
46
97
29
2
82
65
57
0
19
23
68
8
7
24
20
56
14
66
3
13
99
89
19
6
41
52
33
87
69
15
12
19
30
76
19
46
90
42
17
15
37
55
91
46
26
51
63
42
66
27
42
68
42
58
32
71
57
37
7
25
76
84
49
99
47
74
17
59
78
18
60
13
22
35
32
36
46
44
43
61
30
79
2
35
74
62
6
6
57
86
27
45
85
16
47
96
80
95
39
41
74
99
44
65
46
4
5
35
98
67
62
57
9
70
99
76
48
74
21
96
1
67
74
77
70
51
92
94
34
19
68
13
9
64
90
79
57
36
62
59
36
70
97
7
69
99
32
21
28
68
31
98
71
56
10
35
16
21
26
69
76
95
88
62
92
30
77
14
53
37
48
84
49
16
7
95
64
84
73
81
16
13
78
29
84
66
66
22
10
84
9
19
12
68
52
61
24
51
17
69
17
77
57
99
29
99
87
44
30
86
94
20
93
13
68
67
90
67
89
48
13
81
27
33
65
48
19
80
29
88
12
40
0
54
70
15
98
49
40
50
49
55
73
41
53
60
3
64
87
26
68
88
50
56
85
54
14
37
87
7
78
86
32
45
60
24
23
8
29
85
43
93
60
89
94
52
26
2
31
11
53
9
85
46
82
99
61
27
28
57
80
33
68
31
73
31
93
81
5
1
81
3
75
53
57
19
25
90
68
32
30
27
98
22
59
75
92
85
78
32
70
21
33
37
85
26
7
23
56
79
22
33
86
0
49
55
98
73
59
52
5
1
58
20
12
90
90
69
35
92
17
75
35
48
25
31
17
10
17
63
29
17
7
78
99
86
78
52
62
95
63
76
71
73
88
43
0
39
37
65
71
70
92
20
69
9
88
40
89
49
3
20
91
98
31
35
98
58
22
92
54
28
86
45
5
77
99
68
91
52
51
75
97
80
78
97
73
27
95
99
56
18
20
91
89
37
52
37
32
4
62
38
71
53
4
11
38
0
5
83
0
75
22
27
69
95
26
11
58
21
53
14
46
97
46
74
80
60
75
72
87
41
57
5
49
74
85
29
38
18
88
94
8
26
82
48
40
56
83
18
38
5
13
66
45
55
10
9
56
88
16
14
91
4
51
31
65
61
10
19
94
39
85
44
58
78
88
17
48
67
53
41
9
92
18
97
70
81
87
66
91
68
46
93
93
93
18
51
88
94
24
84
32
89
55
39
24
49
83
40
90
93
15
37
73
33
56
88
79
79
57
75
99
8
65
58
38
99
76
12
12
5
92
41
53
81
48
23
53
13
58
94
69
87
76
69
82
35
26
3
56
94
54
58
31
49
54
28
4
28
17
12
43
30
27
8
12
96
14
74
35
49
36
80
19
33
89
34
95
11
49
23
79
31
30
48
86
68
84
19
84
37
36
68
3
58
57
67
5
86
2
12
69
83
89
4
88
62
72
2
60
83
42
0
70
94
96
16
69
39
14
70
73
20
73
73
96
66
85
30
21
57
92
52
95
76
81
12
39
8
5
85
3
80
71
89
79
71
12
18
3
76
33
71
77
92
73
82
28
95
97
51
32
38
54
28
94
12
84
74
43
85
87
98
50
9
28
52
61
76
20
84
61
93
1
37
68
8
35
49
82
33
35
70
2
85
2
29
7
18
90
91
72
24
90
59
64
67
7
6
43
39
25
43
78
75
0
7
1
56
35
2
99
2
61
24
87
42
23
22
44
35
22
96
61
96
72
4
79
0
8
36
68
50
82
53
9
14
44
3
76
81
71
63
60
95
15
29
97
5
67
44
6
44
84
97
68
92
16
42
0
44
17
52
65
94
60
15
57
96
18
15
81
26
59
31
69
21
42
44
91
94
74
18
1
5
39
90
84
42
91
49
99
79
75
22
84
58
83
5
89
90
15
74
72
78
27
70
68
87
97
7
9
68
98
12
52
13
70
55
58
98
35
61
1
29
92
65
32
8
53
52
74
53
3
2
14
25
16
59
45
23
51
40
82
10
20
3
42
67
24
27
43
95
30
96
19
81
7
64
37
20
71
31
81
82
76
5
38
71
21
78
52
36
89
61
53
97
28
21
40
86
0
85
12
18
67
33
64
91
84
68
77
95
98
47
15
30
44
74
6
16
98
83
21
25
9
44
15
2
92
21
14
16
6
15
61
15
52
27
25
78
99
98
1
66
46
88
54
36
28
49
56
98
50
37
50
97
31
13
59
84
0
3
31
3
52
95
82
71
14
48
93
18
1
21
4
19
6
57
59
58
23
29
96
41
79
17
89
74
39
16
30
11
80
62
10
24
84
60
68
24
22
18
64
26
8
36
61
41
43
88
95
98
25
1
1
7
20
73
23
12
73
74
45
57
19
5
13
96
24
22
64
84
74
39
53
54
10
5
16
69
99
54
51
2
25
0
87
40
75
94
17
1
36
95
4
98
38
80
20
30
76
1
12
50
56
63
80
12
71
41
15
85
60
87
47
49
54
43
0
86
9
47
3
56
90
87
23
92
53
42
94
42
28
57
34
20
19
44
88
10
79
43
59
51
19
53
85
68
86
26
33
30
2
0
57
23
99
58
30
65
66
83
43
97
71
88
87
45
82
18
34
91
87
86
38
12
18
43
76
78
3
59
78
24
81
22
49
97
43
38
65
92
62
46
90
13
62
16
86
56
87
64
32
94
24
65
33
18
95
87
99
87
78
99
47
63
33
9
91
10
66
66
78
90
92
5
53
33
40
4
63
83
50
11
84
16
13
77
93
87
94
37
26
92
92
19
50
27
24
90
39
32
33
15
98
68
80
66
44
22
84
17
55
79
9
82
7
17
85
27
2
24
6
30
75
3
82
24
40
4
15
42
46
15
71
14
19
22
10
41
31
90
40
77
59
92
91
41
12
76
76
2
18
27
0
33
89
77
44
93
19
93
98
93
90
27
56
2
8
30
57
34
98
88
72
19
88
71
33
94
93
13
30
89
43
45
96
46
17
39
61
50
67
57
60
2
76
52
88
48
12
74
14
88
90
41
98
73
