11/01/2021
131623
13452
12688
8079
12/01/2021
642
207018
15790
274
13/01/2021
58333
220609
5224
4520
14/01/2021
141207
175486
2904
2352
15/01/2021
312030
29286
2729
1478
16/01/2021
4693
291437
1312
1307
17/01/2021
107905
82201
1609
629
18/01/2021
90962
113113
670
3894
19/01/2021
239268
103894
2664
1094
20/01/2021
356983
6524
214
3196
21/01/2021
173497
236357
928
1831
22/01/2021
17476
460771
1200
620
23/01/2021
20937
471032
1018
24
24/01/2021
114996
105252
228
589
25/01/2021
50725
229031
598
1369
26/01/2021
101423
209636
1272
437
27/01/2021
161675
150702
2288
40
28/01/2021
63739
350679
401
1367
29/01/2021
337871
149884
1872
305
30/01/2021
249248
349140
6001
4619
31/01/2021
177630
141407
2648
507
01/02/2021
173098
177249
1930
656
02/02/2021
291418
83337
2039
126
03/02/2021
156234
312781
108
2886
04/02/2021
362542
118017
1577
2458
05/02/2021
394418
99744
1611
2452
06/02/2021
68295
481512
883
778
07/02/2021
274509
4478
773
88
08/02/2021
232762
119717
1240
2570
09/02/2021
261514
150297
1575
1585
10/02/2021
89871
360938
4304
589
11/02/2021
330492
172623
2093
3553
12/02/2021
280400
264202
989
3785
13/02/2021
384122
121239
219
2626
14/02/2021
43254
194707
773
1141
15/02/2021
170868
105087
5727
807
16/02/2021
148859
216005
912
11499
17/02/2021
64713
417396
598
14548
18/02/2021
64702
387751
8078
7788
19/02/2021
49684
322221
11849
3444
20/02/2021
181660
153018
4981
5281
21/02/2021
81618
60100
9023
153
22/02/2021
45943
146397
3382
15080
23/02/2021
316404
10287
16412
9904
24/02/2021
62640
386321
1735
29877
25/02/2021
354883
130836
26830
8488
26/02/2021
275299
229193
4699
28073
27/02/2021
133678
273824
23872
3449
28/02/2021
49233
136666
13422
6261
01/03/2021
147865
55302
27633
648
02/03/2021
132313
92682
50253
1060
03/03/2021
19066
259889
13117
55332
04/03/2021
329917
46326
67519
2686
05/03/2021
388479
48983
38472
18299
06/03/2021
170030
246803
23868
7693
07/03/2021
99853
64289
18260
1980
08/03/2021
136687
78585
160
38627
09/03/2021
176803
40497
33316
39605
10/03/2021
12181
231705
43604
53557
11/03/2021
85101
175707
76418
17144
12/03/2021
171501
198076
80120
7555
13/03/2021
85712
426395
12782
39372
14/03/2021
30970
226039
18888
6482
15/03/2021
21863
364821
12303
41062
16/03/2021
369531
63788
20541
75257
17/03/2021
312264
149981
1585
118023
18/03/2021
65549
462710
124681
7334
19/03/2021
146038
468891
76927
48797
20/03/2021
722167
30140
56383
35593
21/03/2021
344921
22084
10587
42024
22/03/2021
183588
146308
7657
74642
23/03/2021
267424
58225
152623
16531