6
59
43
27
36
8
36
36
70
23
37
81
3
26
45
38
41
78
60
21
22
94
91
20
18
49
83
28
51
81
100
82
84
69
7
84
62
80
55
95
40
42
84
56
9
35
5
88
3
56
79
79
54
24
2
62
3
8
18
88
38
10
64
23
36
12
3
30
89
23
83
47
45
41
77
43
32
27
13
25
89
28
26
98
42
16
61
24
94
97
89
48
13
36
10
68
74
14
2
35
91
81
26
82
69
99
58
31
14
14
69
21
11
10
43
21
15
39
33
88
17
95
41
85
34
23
99
41
81
61
70
45
37
63
47
35
100
85
34
94
55
92
74
33
26
3
75
45
13
30
37
6
10
9
61
83
68
24
67
27
61
33
56
33
19
90
48
83
15
31
34
30
12
89
87
68
65
47
99
80
37
84
41
35
98
94
21
6
73
42
85
97
96
84
74
17
45
23
93
94
29
25
5
53
22
91
13
21
11
93
70
42
12
79
74
79
74
81
79
57
76
22
35
63
24
58
9
92
15
75
47
72
87
61
16
72
3
43
53
49
96
35
25
96
15
70
23
99
17
64
55
40
83
65
78
65
72
7
36
42
5
56
75
30
18
96
28
56
8
48
23
63
73
97
61
57
65
99
37
97
94
54
21
77
58
1
56
25
11
32
27
19
13
100
91
35
81
10
65
15
44
63
17
26
53
58
98
53
53
38
77
48
56
34
57
52
34
65
48
31
19
31
49
50
91
56
20
20
87
77
53
84
11
33
66
58
3
22
31
56
14
40
16
3
4
32
65
38
76
64
11
13
75
19
37
62
3
62
8
9
46
62
100
79
62
1
31
91
62
58
30
46
34
61
69
1
98
7
2
20
48
32
19
67
26
68
89
23
1
58
24
95
96
43
97
94
43
94
18
11
2
74
87
49
6
78
34
75
74
57
9
38
71
77
40
51
29
61
69
61
71
13
92
91
90
7
35
20
44
54
96
23
44
81
41
7
60
88
50
89
90
87
24
62
79
92
11
27
49
82
100
62
45
5
66
21
88
6
1
34
34
27
87
21
4
34
61
97
36
15
67
82
54
81
45
90
43
87
8
15
78
45
42
95
39
84
85
98
64
3
24
29
55
74
59
41
37
78
46
85
77
77
22
23
84
48
29
67
11
39
49
57
42
50
18
9
23
100
89
44
56
34
44
29
35
44
45
37
39
56
77
46
78
39
3
29
83
30
53
51
98
25
11
23
3
89
27
52
82
7
74
47
58
12
46
9
100
13
48
35
35
25
58
83
43
31
98
6
31
33
18
19
88
92
85
92
69
4
21
37
60
71
64
10
93
97
42
70
40
44
32
77
29
87
8
10
24
80
54
83
46
48
22
29
21
23
22
19
65
68
22
37
22
2
78
57
2
59
3
40
35
65
68
60
84
96
70
78
92
12
50
94
93
73
20
95
26
94
15
75
66
57
20
97
74
44
46
27
17
45
54
41
4
19
45
86
28
88
19
87
58
61
29
32
12
99
11
2
6
100
61
70
95
81
71
36
6
29
68
47
63
37
68
81
88
66
75
11
94
24
53
76
94
69
42
97
97
18
64
32
61
55
2
13
84
90
98
53
14
80
29
69
6
94
72
51
97
15
50
49
14
23
14
92
44
30
78
30
10
5
76
71
14
27
20
9
10
43
88
49
77
67
25
9
52
44
100
51
58
19
99
5
65
36
32
39
60
36
65
34
86
28
35
5
86
17
38
71
79
21
31
20
11
96
57
39
78
66
56
5
29
96
30
99
19
54
83
54
82
20
29
21
38
38
48
84
49
81
8
25
82
86
6
43
17
8
64
15
13
33
37
2
8
14
11
82
29
50
80
16
48
60
10
44
18
87
68
97
84
92
74
99
93
100
94
8
75
72
86
46
89
73
31
88
20
80
52
72
15
18
13
63
1
63
86
83
94
10
34
99
96
95
46
99
38
97
50
77
2
29
69
50
51
7
20
65
18
48
57
99
37
14
41
40
95
74
41
96
39
76
2
82
31
35
43
68
34
14
57
53
42
78
52
59
80
81
45
30
66
62
54
62
60
70
26
83
13
93
75
71
6
39
63
37
26
23
66
98
90
71
99
63
90
40
62
84
48
33
43
12
72
94
49
82
63
24
84
83
35
4
12
61
63
11
46
13
30
31
5
84
62
24
94
10
49
23
65
68
60
59
54
30
62
66
52
72
24
93
98
31
78
98
13
64
33
38
69
91
80
49
42
93
14
15
32
60
31
77
38
34
84
43
97
78
58
1
4
40
1
92
84
64
20
43
77
17
60
74
84
45
24
16
74
88
4
82
81
71
30
81
45
19
69
69
30
41
6
43
45
95
24
65
92
80
65
66
4
83
42
51
14
10
18
97
52
34
16
56
97
29
25
11
84
84
90
96
63
26
13
68
49
57
67
3
84
67
60
18
3
5
9
99
96
41
7
36
59
70
40
76
91
92
27
43
65
91
98
55
10
4
31
59
19
7
26
94
44
16
35
90
55
33
67
13
54
91
26
91
3
87
7
47
44
9
23
26
2
86
25
98
14
97
99
60
38
54
19
82
51
97
46
29
85
74
4
38
16
79
13
38
50
79
45
5
71
53
43
20
53
10
30
85
46
98
87
23
13
26
90
87
19
3
91
64
36
37
34
89
87
90
12
1
72
23
38
77
80
92
73
44
14
60
100
78
64
70
78
4
61
30
16
68
59
86
73
33
86
82
32
9
67
12
44
56
60
85
73
37
28
64
85
31
45
95
90
56
58
71
92
42
91
77
53
39
14
9
81
19
82
24
40
29
71
63
72
78
37
40
95
78
16
67
35
82
8
67
64
79
50
94
55
59
55
4
93
63
99
39
24
22
56
66
18
89
41
28
14
26
69
6
99
37
73
25
31
38
24
10
1
13
69
66
53
13
15
56
26
8
1
8
48
44
8
9
17
59
68
43
83
57
13
25
1
100
9
92
49
91
72
1
27
38
99
62
59
9
99
100
46
44
95
22
26
54
64
84
79
34
40
46
69
2
52
56
78
63
33
93
90
49
59
43
45
78
70
23
74
52
3
47
63
66
6
38
100
22
58
36
67
37
85
21
66
18
9
39
27
29
19
28
46
36
51
14
96
53
94
88
60
56
59
48
11
79
96
98
38
16
32
44
27
50
36
60
88
18
85
82
73
99
56
53
50
99
68
96
14
1
100
82
86
54
53
28
59
97
25
38
56
11
38
14
58
67
14
85
69
14
25
64
10
41
42
36
74
61
44
23
65
34
41
95
44
14
45
50
81
78
63
63
36
33
31
30
32
66
84
64
20
59
77
53
84
92
40
89
98
96
23
35
71
98
67
36
72
64
4
55
65
15
47
14
25
90
27
57
28
52
6
14
51
97
25
97
46
87
10
30
52
14
72
12
33
60
57
36
67
14
66
32
3
22
62
75
3
83
5
88
47
22
44
73
76
58
90
79
28
67
30
23
77
58
25
31
66
93
32
44
7
16
21
38
45
1
6
25
28
28
40
32
50
52
80
17
94
51
99
91
54
11
6
64
14
32
16
48
82
85
27
90
26
4
87
61
82
95
18
74
92
84
6
95
85
65
31
24
56
84
80
97
4
55
16
44
45
88
64
9
30
55
12
14
29
37
19
60
28
1
87
74
7
28
37
19
58
82
64
17
70
90
58
51
16
52
95
42
91
88
91
78
52
11
73
88
11
7
80
70
86
85
69
69
23
71
9
72
21
16
73
22
67
53
82
20
30
25
53
75
32
34
52
72
28
62
92
37
22
7
34
75
30
87
8
3
92
4
37
24
23
61
80
23
50
43
80
54
95
16
36
100
36
26
87
81
87
58
64
51
92
4
59
19
99
21
54
48
35
59
30
15
52
59
25
5
89
84
90
16
15
71
46
8
87
39
69
82
98
76
29
75
30
54
80
91
57
68
83
11
1
67
97
38
2
66
45
90
30
29
57
100
82
92
69
67
32
44
30
98
18
72
37
15
30
21
11
82
93
76
39
3
41
51
100
18
7
83
56
41
93
100
19
39
69
7
43
51
100
51
45
93
34
58
33
2
56
4
55
56
3
33
57
15
40
73
53
62
46
57
9
99
72
18
36
61
53
64
95
15
61
88
71
45
67
42
98
40
80
91
79
80
69
14
83
23
58
19
65
24
75
22
5
29
52
78
9
8
20
18
93
60
88
18
72
21
21
65
37
27
53
81
71
34
23
45
23
4
36
9
96
7
96
11
13
39
87
16
84
41
66
2
77
30
46
19
41
80
15
79
33
60
9
44
100
94
93
29
57
67
2
48
77
23
45
96
17
31
97
68
39
1
19
28
43
76
85
62
12
31
45
88
71
22
83
89
53
16
7
96
78
20
100
45
80
9
58
17
96
36
86
99
16
59
37
14
90
94
63
94
5
100
68
31
75
15
71
92
11
66
28
100
21
14
22
76
54
75
66
40
52
25
45
27
64
53
37
66
31
59
87
31
93
76
77
98
46
100
5
37
100
8
16
62
97
76
37
11
69
29
71
3
59
68
50
88
34
29
37
83
4
96
50
82
84
42
47
10
54
80
63
47
74
75
18
14
77
96
67
31
40
71
99
87
79
77
20
33
53
37
30
91
13
69
95
52
61
35
72
72
64
6
9
34
58
54
17
39
93
57
60
43
57
79
69
84
42
1
74
96
46
93
29
37
90
88
36
70
98
50
60
96
47
75
18
19
84
53
13
40
68
49
29
76
36
65
82
35
73
53
30
49
64
7
41
46
95
65
27
59
49
75
57
60
6
64
31
76
74
93
44
52
62
91
1
91
41
4
50
86
83
53
94
15
39
91
71
84
86
85
11
86
81
18
73
26
46
91
91
93
98
91
100
80
29
17
41
87
7
100
3
35
1
24
47
6
10
61
50
29
62
81
14
37
86
31
95
63
39
75
43
30
17
81
59
55
12
29
100
1
46
22
81
50
48
48
18
28
19
4
77
57
98
93
68
11
4
81
96
48
78
65
22
83
76
5
30
71
99
39
63
75
45
62
18
47
46
7
82
14
15
74
14
76
71
29
57
64
71
24
94
51
32
39
90
59
57
15
69
5
89
26
100
2
21
16
2
95
32
29
34
84
26
79
12
4
65
71
68
33
32
40
3
31
48
10
59
57
60
87
44
84
60
96
72
82
61
94
42
5
20
1
53
62
55
87
62
55
30
78
19
1
38
51
58
8
74
40
89
60
79
58
17
27
81
55
15
22
57
45
91
29
19
95
77
20
29
26
61
5
44
44
85
7
57
52
13
58
22
96
23
9
96
9
91
68
49
40
88
69
5
58
82
58
65
30
8
70
26
77
78
16
76
20
69
37
49
83
54
21
88
65
21
7
68
19
39
81
38
61
29
89
28
63
80
94
94
10
69
95
20
26
43
78
18
67
17
1
90
54
61
63
14
99
42
95
29
78
2
97
62
16
72
39
99
70
1
85
84
67
65
18
79
39
6
56
95
27
64
29
84
100
72
97
67
58
2
90
60
98
25
19
52
97
46
25
29
30
37
12
76
10
71
89
28
39
43
49
7
11
44
17
51
38
85
22
37
72
64
61
36
71
26
35
33
60
60
87
73
13
96
85
24
49
75
66
78
60
36
59
89
77
35
41
95
26
88
66
1
49
61
100
31
58
67
99
67
63
98
64
15
92
78
52
14
31
75
64
67
64
75
41
25
9
44
37
42
66
57
54
34
30
97
41
23
88
38
24
33
28
8
86
36
70
97
43
65
47
81
97
18
78
11
1
100
78
33
77
85
45
11
17
8
100
10
14
23
36
27
11
82
23
1
3
17
65
16
52
100
56
64
3
16
18
24
74
57
6
64
60
68
43
92
6
3
65
29
97
3
34
47
26
55
26
61
94
88
68
39
24
84
41
38
25
56
65
4
78
45
23
76
12
3
36
86
62
90
26
12
45
98
9
95
39
13
5
70
66
54
72
33
75
9
19
83
37
87
15
82
93
7
90
56
53
59
89
34
10
49
12
15
100
71
54
60
55
21
88
5
18
62
32
73
20
47
39
59
22
69
45
20
97
12
55
53
92
13
74
96
45
54
78
38
2
34
70
5
77
56
85
32
2
37
38
14
29
49
83
80
30
58
69
22
87
49
82
9
78
81
64
78
78
30
72
49
24
2
69
92
17
96
77
3
10
23
36
55
22
83
61
27
47
76
44
91
75
85
65
84
58
9
6
96
18
40
76
12
81
87
43
65
68
35
27
69
36
61
37
40
18
69
89
74
80
73
97
5
32
84
13
10
91
62
62
63
41
87
28
16
45
79
22
82
2
54
2
64
13
36
1
14
84
65
4
47
13
88
41
89
79
73
58
45
6
85
42
61
2
2
71
97
21
12
39
44
74
75
82
14
90
34
83
94
11
43
35
48
91
15
61
91
82
71
71
74
74
11
38
19
19
38
37
45
2
52
12
23
88
27
56
81
52
31
49
97
2
68
38
87
11
65
72
84
58
45
52
5
88
5
61
46
41
62
80
18
46
63
24
67
98
12
57
9
90
44
8
59
77
21
17
52
10
38
48
91
91
70
35
75
37
87
30
59
93
76
44
9
61
27
63
29
45
83
49
3
71
91
49
30
15
38
71
60
85
95
34
98
32
33
51
80
13
62
47
54
47
39
69
8
61
16
12
44
80
4
22
84
51
92
43
80
20
66
61
81
15
53
12
24
6
8
54
44
19
2
24
22
25
72
4
49
13
30
18
70
94
56
3
3
93
14
19
82
50
67
100
13
13
35
37
64
13
86
68
63
22
71
80
4
53
6
13
55
26
31
99
16
29
71
45
57
7
89
49
14
73
87
97
46
72
44
43
49
20
42
42
1
12
43
91
24
82
26
98
61
72
95
73
87
19
27
16
68
35
18
95
18
45
19
46
50
73
72
36
58
15
40
64
4
34
25
3
96
30
28
95
42
78
54
26
22
79
65
31
38
53
13
73
2
82
12
59
50
62
60
96
72
3
35
16
29
71
35
19
35
24
12
41
72
45
59
93
25
52
47
52
17
91
39
46
59
45
44
55
49
49
66
12
85
78
15
68
76
40
86
52
93
36
4
43
36
6
81
99
98
31
81
26
55
48
51
97
95
18
69
69
48
37
68
25
20
48
14
4
63
84
43
40
3
33
43
10
79
47
95
45
11
76
40
22
95
92
31
36
16
85
92
77
55
56
71
44
32
23
80
15
60
51
45
27
17
80
47
75
18
8
91
27
68
46
64
99
92
34
55
18
28
15
81
60
28
61
52
70
96
17
10
22
65
56
70
93
82
26
85
63
4
6
99
98
10
20
30
29
80
66
80
81
93
3
6
33
99
32
35
41
77
13
30
60
63
25
39
40
31
93
39
80
36
34
98
94
92
71
51
41
93
62
15
82
53
75
2
79
31
34
39
54
23
17
12
56
77
69
2
18
28
97
42
92
35
60
61
33
36
22
57
53
17
51
50
47
30
30
14
89
60
24
97
7
50
94
34
59
49
64
26
25
13
51
57
50
70
67
38
50
15
45
84
29
91
7
3
54
82
14
64
48
8
76
82
31
24
23
48
95
87
20
94
68
52
52
92
30
7
16
35
18
9
65
89
12
7
57
30
20
64
51
48
61
88
84
20
79
66
84
67
70
16
22
1
60
39
15
59
45
33
63
98
9
70
29
51
2
45
68
14
38
44
33
52
84
3
54
54
15
11
72
86
80
75
39
76
72
6
98
24
59
25
8
19
65
25
5
95
75
61
71
39
1
57
99
81
8
89
92
43
71
29
26
37
60
14
81
92
7
7
20
37
39
88
85
6
30
70
67
29
19
51
21
9
30
6
44
65
32
26
64
98
73
77
14
22
75
88
67
39
19
26
16
66
51
10
46
40
22
76
52
94
36
27
42
27
28
74
39
78
65
35
50
32
57
36
80
14
17
6
86
1
78
19
42
87
94
93
56
66
14
72
69
13
36
15
25
87
37
89
68
38
22
54
71
67
19
72
68
1
44
69
67
97
23
83
37
43
45
34
85
80
72
10
48
88
38
23
32
92
51
95
22
22
10
83
37
84
87
41
21
32
2
84
70
96
1
18
98
20
70
81
58
86
22
