79
28
90
63
50
66
97
36
33
89
45
18
88
39
57
77
88
25
55
95
80
76
95
94
72
88
22
70
89
24
92
46
47
86
54
66
89
26
33
22
51
97
28
87
55
39
84
55
13
24
78
79
82
91
64
80
71
52
28
2
76
79
5
47
92
85
73
12
43
88
52
84
70
63
33
36
20
32
99
4
79
87
70
71
72
71
84
12
59
24
18
59
12
7
77
56
37
34
53
37
50
92
87
65
96
80
68
71
65
2
10
50
12
60
56
42
57
86
3
65
92
77
45
46
82
56
28
71
25
43
34
9
30
99
39
47
50
17
42
94
27
13
1
45
49
69
45
46
46
98
91
23
99
7
74
81
36
52
30
47
97
17
53
68
26
60
2
54
10
30
95
56
94
91
88
61
17
25
76
71
96
92
95
43
53
77
1
59
74
74
76
98
67
32
49
93
95
80
59
30
9
30
60
65
31
62
44
76
39
54
52
64
64
6
49
48
17
87
99
94
18
83
99
78
76
90
38
41
32
27
80
22
99
52
75
73
94
82
36
47
63
15
50
17
93
64
88
30
67
9
13
57
73
60
42
13
84
45
22
12
61
10
20
11
64
23
68
87
21
48
88
35
94
8
9
21
34
86
89
84
58
87
44
60
33
80
84
69
66
79
28
74
91
75
72
39
22
22
96
17
43
75
69
59
16
73
74
19
56
52
56
47
42
98
26
46
4
64
23
3
6
78
76
5
98
47
74
18
64
81
34
57
5
65
39
90
65
86
92
16
9
10
36
52
32
86
23
66
39
7
20
23
70
54
99
65
55
6
20
2
84
14
80
38
29
64
99
17
42
35
57
27
62
85
12
40
67
23
25
42
35
93
36
34
21
95
17
36
83
72
80
53
78
67
35
71
51
19
66
99
34
5
78
9
30
59
43
11
23
14
99
99
2
81
48
26
23
18
8
15
30
57
49
79
79
22
19
25
90
80
93
7
26
10
2
70
5
17
39
47
45
25
45
81
90
50
19
98
25
29
82
73
59
34
71
94
71
45
78
33
83
2
29
35
30
60
19
43
12
90
37
82
40
1
76
57
45
4
71
82
15
51
12
56
77
50
13
24
76
6
7
85
40
16
10
22
54
59
2
21
39
78
46
40
76
73
78
9
58
7
36
70
99
27
43
18
53
68
98
21
44
54
55
92
85
59
16
3
53
77
36
1
7
66
22
58
33
91
24
67
54
97
99
84
45
1
9
21
76
68
12
76
10
76
77
89
11
93
13
25
55
59
9
32
29
82
79
69
69
64
87
92
88
61
71
33
91
58
15
50
59
85
78
68
4
37
29
84
99
66
17
5
49
73
49
89
77
30
27
96
43
73
58
25
85
37
64
78
93
42
79
63
64
55
99
41
96
40
22
64
28
19
88
18
88
19
8
2
94
99
57
27
46
83
58
84
54
65
85
84
11
17
3
29
53
71
81
21
64
61
71
77
33
14
96
71
86
40
57
86
62
99
100
28
9
72
2
4
12
13
60
79
61
47
66
34
40
65
83
40
49
18
38
7
40
50
64
55
75
50
13
75
57
11
86
70
28
30
16
83
26
62
32
40
25
1
74
58
72
84
61
88
55
48
66
83
14
5
82
43
95
51
93
67
79
8
64
46
31
48
45
50
22
12
20
11
65
76
42
52
63
57
34
71
7
37
38
1
52
97
64
59
49
87
67
13
99
67
22
55
98
10
27
3
86
43
44
29
27
12
7
44
1
23
49
44
37
25
59
65
39
97
91
96
47
25
34
20
33
33
9
12
79
2
83
54
20
12
92
76
5
48
11
61
7
9
34
86
58
39
86
86
33
18
93
36
90
88
12
49
56
80
25
43
34
92
31
62
66
6
53
42
26
88
16
24
5
26
88
100
6
76
74
88
84
90
94
7
84
50
60
80
29
47
46
42
51
3
15
27
99
66
73
80
53
46
45
12
34
54
56
20
43
22
9
43
25
26
62
48
68
46
12
44
51
90
88
22
87
80
1
58
44
7
88
92
47
94
66
12
37
66
79
53
5
50
15
33
62
96
39
60
72
47
6
87
50
86
24
56
79
15
65
64
15
7
58
66
48
64
98
20
77
34
14
93
81
31
74
14
33
100
61
89
12
54
61
50
20
49
11
5
65
26
16
28
17
18
28
32
39
71
61
60
77
54
56
57
6
62
41
14
45
99
91
9
36
41
21
52
55
7
91
45
90
96
65
71
40
81
45
11
51
90
8
52
90
97
75
20
100
34
90
3
86
59
63
93
10
94
20
88
41
91
67
41
22
66
16
8
85
13
70
35
82
65
39
63
46
16
78
2
74
20
8
92
39
55
16
8
55
72
78
35
40
52
89
69
84
25
22
46
51
21
29
7
100
38
34
19
8
100
42
70
16
63
82
75
15
97
23
79
12
39
36
89
52
30
48
10
54
90
43
4
53
71
9
24
64
19
69
25
21
53
81
5
24
61
55
50
56
33
52
83
25
23
74
59
91
6
65
100
34
98
16
81
85
21
11
97
28
5
99
32
77
30
80
99
7
58
27
74
51
41
34
79
80
26
41
56
71
10
27
68
60
81
7
71
5
47
32
16
95
87
20
82
14
17
86
80
33
61
94
92
29
13
42
73
5
80
68
13
96
49
78
84
46
94
2
77
19
84
22
93
12
9
44
87
83
65
77
9
91
36
60
34
13
93
13
46
54
42
10
25
53
38
78
74
25
3
70
30
20
96
72
59
65
32
23
79
18
40
71
56
3
73
85
93
78
19
82
90
12
18
96
93
63
2
87
72
40
37
67
38
15
12
75
41
8
92
11
91
67
15
85
72
32
50
93
56
86
27
43
35
23
84
91
62
42
23
60
85
82
99
45
76
21
84
83
82
59
70
89
82
45
22
94
59
3
43
24
5
18
77
92
88
16
81
30
41
37
50
16
83
26
63
10
49
46
33
17
52
96
58
54
24
88
81
38
42
19
80
38
12
75
80
76
85
96
87
36
30
4
65
59
33
65
13
79
16
28
95
85
3
32
2
65
96
84
6
61
35
68
28
20
47
89
43
94
40
16
82
72
69
34
73
33
53
89
50
54
51
44
33
54
88
49
4
12
6
52
28
46
49
71
76
9
70
53
31
9
23
54
82
17
37
43
48
3
35
92
19
1
30
46
43
28
31
36
1
29
4
76
100
41
5
96
99
56
3
42
87
15
13
27
10
33
96
89
20
18
9
54
49
50
62
63
38
43
1
91
31
57
10
21
40
97
49
9
15
41
93
81
81
27
15
95
84
44
38
87
58
40
12
87
86
22
98
61
92
50
47
31
53
55
22
1
100
44
94
41
27
13
85
51
59
37
58
19
32
55
43
76
22
29
31
23
100
2
59
50
81
62
75
86
38
60
8
87
97
22
12
87
9
44
12
11
95
76
76
26
86
51
28
72
36
48
40
41
74
55
90
70
38
48
14
29
22
71
56
11
58
3
84
83
45
7
11
44
23
57
92
6
25
91
65
99
84
84
22
41
39
58
38
27
96
69
90
91
25
61
31
13
85
27
84
40
26
87
94
6
70
91
88
58
6
92
27
72
56
35
28
35
36
79
63
36
100
10
16
59
16
26
82
33
19
59
31
94
62
73
75
42
88
78
1
100
13
20
69
45
73
8
4
40
66
1
85
79
38
16
77
76
26
67
75
70
43
14
77
83
51
65
34
87
50
84
8
59
95
41
13
75
54
73
44
15
62
77
82
34
79
17
38
26
2
46
8
100
47
74
68
36
87
20
6
56
20
68
17
31
23
10
91
81
67
22
14
90
43
40
76
33
74
50
31
7
21
20
11
78
54
92
36
43
100
88
73
17
24
27
63
33
35
91
60
19
21
74
80
12
2
93
99
32
21
52
11
86
73
88
28
66
100
70
18
28
49
32
99
55
21
77
75
63
64
59
72
53
64
31
22
57
94
58
40
40
58
83
8
41
2
92
8
97
4
6
62
65
23
43
86
61
56
71
85
100
4
94
60
93
94
9
69
3
5
90
37
34
86
19
27
46
76
81
71
76
31
72
35
62
38
74
94
63
87
47
74
97
67
26
59
26
34
5
7
91
69
18
67
90
22
84
3
28
42
32
1
78
2
51
61
6
32
68
33
75
16
30
72
75
68
16
71
74
58
42
94
56
77
13
57
49
15
32
80
79
8
49
99
20
63
51
27
79
52
5
3
53
26
50
100
67
65
92
46
98
15
48
20
46
83
19
71
8
48
72
11
3
66
81
25
19
60
59
19
89
73
94
90
77
7
63
76
43
45
66
65
7
87
48
17
77
68
29
16
27
82
94
33
90
15
95
83
95
61
1
33
86
21
11
71
35
3
29
81
79
17
65
5
61
71
93
6
19
77
40
34
38
7
92
81
9
92
98
27
1
18
71
49
6
63
35
87
51
78
88
50
59
65
39
85
56
12
30
91
93
11
32
3
73
39
38
87
4
40
79
67
82
64
90
62
6
51
51
33
65
42
62
75
51
75
11
58
16
2
50
82
71
76
75
79
61
88
81
97
30
1
14
78
32
42
78
64
14
5
29
88
44
36
3
44
92
18
12
27
34
59
29
73
11
65
87
82
31
24
88
33
85
87
60
45
35
91
41
60
89
37
32
6
92
63
97
66
57
85
58
29
3
93
35
85
1
13
97
28
5
2
74
43
31
38
19
39
56
52
100
50
44
65
31
26
25
15
84
97
56
43
82
39
46
65
41
60
95
60
68
84
58
76
8
33
55
48
70
47
34
46
66
88
29
18
65
21
74
69
69
98
80
66
46
79
19
35
11
62
85
17
30
92
65
13
8
41
14
95
92
59
61
84
90
94
45
12
63
73
45
32
48
7
3
92
96
38
34
97
82
26
44
100
65
70
69
8
26
25
65
65
46
87
5
55
32
59
99
73
82
67
84
50
68
11
75
13
24
10
91
51
77
3
77
48
38
72
90
93
74
2
52
3
25
99
68
9
95
27
3
40
16
65
51
56
24
65
45
82
10
15
45
12
6
83
25
27
50
72
22
37
53
22
90
26
78
64
95
54
61
78
77
30
95
18
22
6
96
64
83
80
86
40
37
45
50
11
7
77
95
44
50
32
56
85
68
26
91
17
22
74
48
58
74
1
79
62
62
33
87
37
45
15
37
99
89
25
37
19
40
51
91
23
75
55
100
48
27
94
16
35
19
66
66
87
93
86
7
23
42
7
91
39
87
7
37
44
65
48
9
53
80
32
81
29
54
73
79
82
19
40
16
16
31
95
25
99
16
12
54
14
47
9
77
18
80
89
49
22
35
48
84
62
60
70
65
5
37
24
29
2
71
55
51
7
27
37
28
87
5
26
28
56
23
87
15
30
50
22
93
49
34
23
3
27
72
40
88
83
91
49
71
30
45
69
12
88
48
42
62
8
25
99
74
9
67
51
87
6
25
44
91
94
39
4
31
41
17
73
71
32
66
53
12
95
60
70
57
26
87
97
93
14
46
85
39
37
39
70
33
31
51
50
88
46
97
26
19
68
83
67
42
47
78
88
7
73
20
60
27
89
14
41
34
36
95
11
31
50
60
6
55
76
11
30
91
54
13
89
21
97
88
68
98
74
90
31
26
23
38
73
35
68
1
3
22
26
33
35
57
28
39
7
99
94
37
16
21
80
52
39
76
18
66
92
71
93
29
61
29
20
31
52
47
41
50
27
75
79
4
3
39
65
88
36
10
99
97
67
4
28
35
39
19
30
30
19
37
81
15
27
53
7
76
20
98
39
38
5
29
96
72
15
79
40
23
88
35
78
72
32
23
10
42
25
84
40
19
42
84
98
11
3
51
48
16
51
31
97
37
76
56
60
35
44
68
44
71
84
51
79
57
48
3
63
48
24
87
90
58
17
79
68
32
19
10
62
4
78
62
82
91
73
24
78
39
95
10
24
67
9
47
3
64
57
35
53
99
6
72
61
18
58
18
31
9
47
27
2
38
66
48
88
77
40
71
39
100
50
48
15
97
44
86
39
79
7
57
11
44
85
72
51
8
54
90
88
44
39
12
28
44
87
75
22
31
14
8
55
37
81
90
76
76
7
33
64
10
54
48
45
52
65
65
91
27
28
81
73
12
7
79
79
24
85
21
48
36
99
14
53
80
13
98
75
93
33
86
94
47
28
46
45
38
11
54
44
37
24
86
78
22
34
18
69
7
65
100
37
63
94
28
61
45
12
12
49
10
50
59
91
93
47
24
3
58
1
84
68
77
21
30
84
30
86
96
19
28
86
18
73
39
14
92
74
4
83
67
24
40
98
62
94
1
29
31
31
39
7
36
75
23
4
59
70
78
79
57
74
26
23
61
16
25
94
78
35
66
80
35
83
24
62
52
22
72
59
20
59
49
8
24
75
48
48
90
82
92
58
64
2
88
79
5
79
21
92
87
96
19
41
49
1
37
23
54
83
81
17
8
6
49
62
23
63
35
89
63
68
53
42
82
72
30
42
41
67
66
47
77
87
38
47
21
94
59
9
61
64
15
25
93
70
12
98
1
86
53
30
73
98
38
79
59
30
81
83
59
77
42
62
4
64
47
29
63
64
61
84
49
2
98
42
62
61
80
9
63
29
81
67
65
28
29
20
64
38
73
23
26
33
35
19
37
53
74
6
23
42
73
61
28
90
68
31
78
78
86
36
15
18
79
41
42
40
20
2
32
96
48
75
83
9
79
13
61
8
62
17
98
97
64
5
22
36
41
32
95
31
18
42
15
13
69
42
45
23
74
15
66
71
90
14
77
73
41
99
51
8
83
38
89
23
4
48
29
75
34
11
16
42
81
26
39
9
81
21
28
1
87
62
31
95
19
45
47
73
44
64
4
43
81
57
29
79
4
44
60
62
75
79
33
59
19
62
84
99
46
45
94
44
63
8
63
45
99
77
57
97
92
71
67
51
80
28
92
84
79
14
17
99
63
41
4
15
21
33
35
67
72
76
88
97
23
62
43
57
43
15
87
92
86
16
81
22
62
57
46
64
69
12
79
26
83
69
49
47
62
80
95
83
95
65
63
54
58
26
82
36
97
62
27
93
57
3
96
6
7
2
59
45
76
12
99
90
71
71
62
67
36
26
7
39
92
17
95
22
19
6
10
10
58
72
40
38
83
94
47
42
47
92
47
54
49
44
44
24
9
60
6
1
97
79
76
73
29
81
11
44
78
96
54
11
36
34
45
79
6
13
11
66
20
9
12
23
51
25
2
12
59
30
41
10
46
83
57
78
18
49
8
90
57
10
88
65
1
57
64
22
79
67
47
12
29
18
96
38
59
97
1
18
95
9
69
59
1
45
99
25
98
44
33
98
87
79
68
97
28
54
83
76
93
45
79
70
67
64
30
35
60
4
20
57
66
18
39
70
68
48
5
63
52
92
57
25
23
42
16
15
86
68
100
12
35
41
96
25
28
22
26
40
16
100
62
46
66
96
62
67
30
38
77
26
37
1
23
61
23
31
71
3
71
14
85
80
48
74
76
13
90
14
81
38
95
30
24
56
90
10
50
36
42
89
58
33
73
31
6
42
16
74
64
73
2
57
25
74
83
15
61
23
96
39
92
53
36
16
10
70
31
8
71
78
9
89
92
19
100
12
80
78
71
28
17
55
64
46
81
65
30
48
54
51
70
74
21
34
80
86
100
89
61
74
33
61
80
73
8
76
91
95
37
81
93
25
51
58
42
7
8
98
60
70
64
47
51
48
73
33
18
51
22
36
23
82
8
78
1
65
78
17
18
8
82
100
34
45
48
96
39
41
82
11
4
39
21
85
36
82
56
94
72
3
3
88
100
50
15
34
45
31
71
79
47
34
83
92
86
27
84
50
56
61
8
40
89
68
84
21
100
72
96
44
85
49
43
79
89
6
22
21
13
8
48
30
12
91
44
59
84
94
60
98
95
84
77
69
79
91
56
2
41
48
96
49
6
9
83
18
38
98
2
55
77
84
98
60
22
75
90
18
20
32
10
23
28
87
7
30
92
13
50
64
54
72
61
45
50
33
31
18
10
50
81
91
12
64
61
98
40
20
3
65
10
99
31
78
19
56
96
14
31
82
6
96
83
28
79
65
82
6
13
70
