0.0,0.0,-0.0,0.0
0.010101010101010102,0.0,0.007448734874507701,-0.007448734874507701
0.020202020202020204,0.0,0.01464548556682016,-0.01464548556682016
0.030303030303030304,0.0,0.02159334390739348,-0.02159334390739348
0.04040404040404041,0.0,0.028295401726684266,-0.028295401726684266
0.05050505050505051,0.0,0.034754750855148786,-0.034754750855148786
0.06060606060606061,0.0,0.04097448312324342,-0.04097448312324342
0.07070707070707072,0.0,0.04695769036142472,-0.04695769036142472
0.08080808080808081,0.0,0.05270746440014873,-0.05270746440014873
0.09090909090909091,0.0,0.05822689706987233,-0.05822689706987233
0.10101010101010102,0.0,0.0635190802010514,-0.0635190802010514
0.11111111111111112,0.0,0.06858710562414272,-0.06858710562414272
0.12121212121212122,0.0,0.07343406516960238,-0.07343406516960238
0.13131313131313133,0.0,0.07806305066788694,-0.07806305066788694
0.14141414141414144,0.0,0.08247715394945271,-0.08247715394945271
0.15151515151515152,0.0,0.08667946684475608,-0.08667946684475608
0.16161616161616163,0.0,0.09067308118425355,-0.09067308118425355
0.17171717171717174,0.0,0.09446108879840132,-0.09446108879840132
0.18181818181818182,0.0,0.09804658151765588,-0.09804658151765588
0.19191919191919193,0.0,0.10143265117247358,-0.10143265117247358
0.20202020202020204,0.0,0.10462238959331088,-0.10462238959331088
0.21212121212121213,0.0,0.10761888861062416,-0.10761888861062416
0.22222222222222224,0.0,0.11042524005486964,-0.11042524005486964
0.23232323232323235,0.0,0.11304453575650397,-0.11304453575650397
0.24242424242424243,0.0,0.11547986754598322,-0.11547986754598322
0.25252525252525254,0.0,0.11773432725376404,-0.11773432725376404
0.26262626262626265,0.0,0.1198110067103027,-0.1198110067103027
0.27272727272727276,0.0,0.1217129977460556,-0.1217129977460556
0.2828282828282829,0.0,0.12344339219147915,-0.12344339219147915
0.29292929292929293,0.0,0.1250052818770297,-0.1250052818770297
0.30303030303030304,0.0,0.12640175863316358,-0.12640175863316358
0.31313131313131315,0.0,0.1276359142903373,-0.1276359142903373
0.32323232323232326,0.0,0.1287108406790072,-0.1287108406790072
0.33333333333333337,0.0,0.12962962962962968,-0.12962962962962968
0.3434343434343435,0.0,0.13039537297266102,-0.13039537297266102
0.3535353535353536,0.0,0.1310111625385577,-0.1310111625385577
0.36363636363636365,0.0,0.13148009015777615,-0.13148009015777615
0.37373737373737376,0.0,0.13180524766077262,-0.13180524766077262
0.38383838383838387,0.0,0.1319897268780036,-0.1319897268780036
0.393939393939394,0.0,0.1320366196399254,-0.1320366196399254
0.4040404040404041,0.0,0.1319490177769945,-0.1319490177769945
0.4141414141414142,0.0,0.1317300131196672,-0.1317300131196672
0.42424242424242425,0.0,0.1313826974984,-0.1313826974984
0.43434343434343436,0.0,0.13091016274364914,-0.13091016274364914
0.4444444444444445,0.0,0.13031550068587106,-0.13031550068587106
0.4545454545454546,0.0,0.12960180315552217,-0.12960180315552217
0.4646464646464647,0.0,0.1287721619830588,-0.1287721619830588
0.4747474747474748,0.0,0.12782966899893744,-0.12782966899893744
0.48484848484848486,0.0,0.1267774160336144,-0.1267774160336144
0.494949494949495,0.0,0.125618494917546,-0.125618494917546
0.5050505050505051,0.0,0.1243559974811888,-0.1243559974811888
0.5151515151515152,0.0,0.122993015554999,-0.122993015554999
0.5252525252525253,0.0,0.12153264096943311,-0.12153264096943311
0.5353535353535354,0.0,0.1199779655549475,-0.1199779655549475
0.5454545454545455,0.0,0.1183320811419985,-0.1183320811419985
0.5555555555555556,0.0,0.11659807956104253,-0.11659807956104253
0.5656565656565657,0.0,0.11477905264253592,-0.11477905264253592
0.5757575757575758,0.0,0.11287809221693518,-0.11287809221693518
0.5858585858585859,0.0,0.1108982901146966,-0.1108982901146966
0.595959595959596,0.0,0.10884273816627657,-0.10884273816627657
0.6060606060606061,0.0,0.10671452820213152,-0.10671452820213152
0.6161616161616162,0.0,0.10451675205271777,-0.10451675205271777
0.6262626262626263,0.0,0.10225250154849175,-0.10225250154849175
0.6363636363636365,0.0,0.09992486851990984,-0.09992486851990984
0.6464646464646465,0.0,0.09753694479742839,-0.09753694479742839
0.6565656565656566,0.0,0.09509182221150389,-0.09509182221150389
0.6666666666666667,0.0,0.0925925925925926,-0.0925925925925926
0.6767676767676768,0.0,0.09004234777115092,-0.09004234777115092
0.686868686868687,0.0,0.08744417957763534,-0.08744417957763534
0.696969696969697,0.0,0.08480117984250214,-0.08480117984250214
0.7070707070707072,0.0,0.08211644039620775,-0.08211644039620775
0.7171717171717172,0.0,0.07939305306920857,-0.07939305306920857
0.7272727272727273,0.0,0.07663410969196092,-0.07663410969196092
0.7373737373737375,0.0,0.07384270209492123,-0.07384270209492123
0.7474747474747475,0.0,0.07102192210854591,-0.07102192210854591
0.7575757575757577,0.0,0.06817486156329126,-0.06817486156329126
0.7676767676767677,0.0,0.06530461228961382,-0.06530461228961382
0.7777777777777778,0.0,0.06241426611796982,-0.06241426611796982
0.787878787878788,0.0,0.0595069148788157,-0.0595069148788157
0.797979797979798,0.0,0.05658565040260784,-0.05658565040260784
0.8080808080808082,0.0,0.05365356451980261,-0.05365356451980261
0.8181818181818182,0.0,0.05071374906085646,-0.05071374906085646
0.8282828282828284,0.0,0.047769295856225726,-0.047769295856225726
0.8383838383838385,0.0,0.044823296736366834,-0.044823296736366834
0.8484848484848485,0.0,0.0418788435317361,-0.0418788435317361
0.8585858585858587,0.0,0.038939028072789934,-0.038939028072789934
0.8686868686868687,0.0,0.03600694218998471,-0.03600694218998471
0.8787878787878789,0.0,0.03308567771377688,-0.03308567771377688
0.888888888888889,0.0,0.03017832647462277,-0.03017832647462277
0.8989898989898991,0.0,0.02728798030297871,-0.02728798030297871
0.9090909090909092,0.0,0.02441773102930125,-0.02441773102930125
0.9191919191919192,0.0,0.02157067048404664,-0.02157067048404664
0.9292929292929294,0.0,0.018749890497671288,-0.018749890497671288
0.9393939393939394,0.0,0.015958482900631638,-0.015958482900631638
0.9494949494949496,0.0,0.01319953952338402,-0.01319953952338402
0.9595959595959597,0.0,0.010476152196384815,-0.010476152196384815
0.9696969696969697,0.0,0.007791412750090441,-0.007791412750090441
0.9797979797979799,0.0,0.005148413014957196,-0.005148413014957196
0.98989898989899,0.0,0.002550244821441634,-0.002550244821441634
1.0,0.0,-0.0,0.0
0.0,0.5,-1.0968749997175564e-07,1.0968749997175564e-07
0.009848484848484848,0.5,0.006933149712448239,-0.006933149712448239
0.019696969696969695,0.5,0.01363225666911011,-0.01363225666911011
0.02954545454545454,0.5,0.020100076874530415,-0.020100076874530415
0.03939393939393939,0.5,0.026339476020753372,-0.026339476020753372
0.04924242424242424,0.5,0.032353319799823255,-0.032353319799823255
0.05909090909090908,0.5,0.038144473903784726,-0.038144473903784726
0.06893939393939394,0.5,0.04371580402468217,-0.04371580402468217
0.07878787878787878,0.5,0.049070175854559694,-0.049070175854559694
0.08863636363636362,0.5,0.05421045508546207,-0.05421045508546207
0.09848484848484848,0.5,0.05913950740943358,-0.05913950740943358
0.10833333333333332,0.5,0.06386019851851849,-0.06386019851851849
0.11818181818181817,0.5,0.06837539410476146,-0.06837539410476146
0.12803030303030302,0.5,0.07268795986020676,-0.07268795986020676
0.13787878787878788,0.5,0.07680076147689874,-0.07680076147689874
0.1477272727272727,0.5,0.08071666464688204,-0.08071666464688204
0.15757575757575756,0.5,0.08443853506220095,-0.08443853506220095
0.16742424242424242,0.5,0.08796923841489968,-0.08796923841489968
0.17727272727272725,0.5,0.09131164039702294,-0.09131164039702294
0.1871212121212121,0.5,0.094468606700615,-0.094468606700615
0.19696969696969696,0.5,0.09744300301772019,-0.09744300301772019
0.2068181818181818,0.5,0.10023769504038318,-0.10023769504038318
0.21666666666666665,0.5,0.10285554846064823,-0.10285554846064823
0.2265151515151515,0.5,0.10529942897055955,-0.10529942897055955
0.23636363636363633,0.5,0.10757220226216188,-0.10757220226216188
0.2462121212121212,0.5,0.10967673402749956,-0.10967673402749956
0.25606060606060604,0.5,0.11161588995861679,-0.11161588995861679
0.2659090909090909,0.5,0.1133925357475582,-0.1133925357475582
0.27575757575757576,0.5,0.11500953708636816,-0.11500953708636816
0.2856060606060606,0.5,0.11646975966709103,-0.11646975966709103
0.2954545454545454,0.5,0.11777606918177125,-0.11777606918177125
0.3053030303030303,0.5,0.11893133132245326,-0.11893133132245326
0.3151515151515151,0.5,0.11993841178118128,-0.11993841178118128
0.32499999999999996,0.5,0.12080017625,-0.12080017625
0.33484848484848484,0.5,0.12151949042095364,-0.12151949042095364
0.34469696969696967,0.5,0.12209921998608672,-0.12209921998608672
0.3545454545454545,0.5,0.12254223063744363,-0.12254223063744363
0.3643939393939394,0.5,0.12285138806706879,-0.12285138806706879
0.3742424242424242,0.5,0.12302955796700647,-0.12302955796700647
0.38409090909090904,0.5,0.12307960602930128,-0.12307960602930128
0.3939393939393939,0.5,0.12300439794599748,-0.12300439794599748
0.40378787878787875,0.5,0.12280679940913959,-0.12280679940913959
0.4136363636363636,0.5,0.122489676110772,-0.122489676110772
0.42348484848484846,0.5,0.12205589374293903,-0.12205589374293903
0.4333333333333333,0.5,0.12150831799768513,-0.12150831799768513
0.4431818181818181,0.5,0.12084981456705483,-0.12084981456705483
0.453030303030303,0.5,0.1200832491430924,-0.1200832491430924
0.46287878787878783,0.5,0.11921148741784228,-0.11921148741784228
0.47272727272727266,0.5,0.11823739508334898,-0.11823739508334898
0.48257575757575755,0.5,0.11716383783165679,-0.11716383783165679
0.4924242424242424,0.5,0.11599368135481011,-0.11599368135481011
0.5022727272727272,0.5,0.11472979134485349,-0.11472979134485349
0.5121212121212121,0.5,0.11337503349383124,-0.11337503349383124
0.521969696969697,0.5,0.11193227349378773,-0.11193227349378773
0.5318181818181817,0.5,0.11040437703676748,-0.11040437703676748
0.5416666666666666,0.5,0.1087942098148148,-0.1087942098148148
0.5515151515151515,0.5,0.1071046375199742,-0.1071046375199742
0.5613636363636363,0.5,0.10533852584429002,-0.10533852584429002
0.5712121212121212,0.5,0.10349874047980667,-0.10349874047980667
0.581060606060606,0.5,0.1015881471185686,-0.1015881471185686
0.5909090909090908,0.5,0.0996096114526202,-0.0996096114526202
0.6007575757575757,0.5,0.0975659991740059,-0.0975659991740059
0.6106060606060606,0.5,0.0954601759747701,-0.0954601759747701
0.6204545454545454,0.5,0.09329500754695717,-0.09329500754695717
0.6303030303030303,0.5,0.09107335958261158,-0.09107335958261158
0.6401515151515151,0.5,0.0887980977737777,-0.0887980977737777
0.6499999999999999,0.5,0.0864720878125,-0.0864720878125
0.6598484848484848,0.5,0.08409819539082283,-0.08409819539082283
0.6696969696969697,0.5,0.0816792862007906,-0.0816792862007906
0.6795454545454545,0.5,0.0792182259344478,-0.0792182259344478
0.6893939393939393,0.5,0.07671788028383875,-0.07671788028383875
0.6992424242424242,0.5,0.07418111494100788,-0.07418111494100788
0.709090909090909,0.5,0.07161079559799967,-0.07161079559799967
0.7189393939393939,0.5,0.06900978794685839,-0.06900978794685839
0.7287878787878788,0.5,0.06638095767962858,-0.06638095767962858
0.7386363636363635,0.5,0.06372717048835465,-0.06372717048835465
0.7484848484848484,0.5,0.06105129206508095,-0.06105129206508095
0.7583333333333333,0.5,0.05835618810185183,-0.05835618810185183
0.7681818181818181,0.5,0.05564472429071189,-0.05564472429071189
0.778030303030303,0.5,0.05291976632370541,-0.05291976632370541
0.7878787878787878,0.5,0.05018417989287675,-0.05018417989287675
0.7977272727272726,0.5,0.04744083069027051,-0.04744083069027051
0.8075757575757575,0.5,0.04469258440793089,-0.04469258440793089
0.8174242424242424,0.5,0.04194230673790243,-0.04194230673790243
0.8272727272727272,0.5,0.039192863372229554,-0.039192863372229554
0.837121212121212,0.5,0.03644712000295658,-0.03644712000295658
0.8469696969696969,0.5,0.033707942322127954,-0.033707942322127954
0.8568181818181817,0.5,0.030978196021788165,-0.030978196021788165
0.8666666666666666,0.5,0.02826074679398151,-0.02826074679398151
0.8765151515151515,0.5,0.025558460330752434,-0.025558460330752434
0.8863636363636362,0.5,0.022874202324145398,-0.022874202324145398
0.8962121212121211,0.5,0.020210838466204768,-0.020210838466204768
0.906060606060606,0.5,0.017571234448974946,-0.017571234448974946
0.9159090909090908,0.5,0.014958255964500396,-0.014958255964500396
0.9257575757575757,0.5,0.012374768704825482,-0.012374768704825482
0.9356060606060606,0.5,0.00982363836199461,-0.00982363836199461
0.9454545454545453,0.5,0.007307730628052248,-0.007307730628052248
0.9553030303030302,0.5,0.004829911195042724,-0.004829911195042724
0.9651515151515151,0.5,0.002393045755010505,-0.002393045755010505
0.975,0.5,-0.0,0.0
0.0,1.0,-9.737499999940002e-06,9.737499999940002e-06
0.009595959595959595,1.0,0.006431721684192204,-0.006431721684192204
0.01919191919191919,1.0,0.012656013445224157,-0.012656013445224157
0.028787878787878786,1.0,0.018665788641233305,-0.018665788641233305
0.03838383838383838,1.0,0.02446369813035726,-0.02446369813035726
0.047979797979797977,1.0,0.030052392770733627,-0.030052392770733627
0.05757575757575757,1.0,0.0354345234204998,-0.0354345234204998
0.06717171717171716,1.0,0.04061274093779349,-0.04061274093779349
0.07676767676767676,1.0,0.04558969618075209,-0.04558969618075209
0.08636363636363636,1.0,0.050368040007513215,-0.050368040007513215
0.09595959595959595,1.0,0.054950423276214355,-0.054950423276214355
0.10555555555555554,1.0,0.05933949684499312,-0.05933949684499312
0.11515151515151514,1.0,0.06353791157198713,-0.06353791157198713
0.12474747474747475,1.0,0.06754831831533376,-0.06754831831533376
0.13434343434343432,1.0,0.07137336793317056,-0.07137336793317056
0.14393939393939392,1.0,0.07501571128363521,-0.07501571128363521
0.15353535353535352,1.0,0.07847799922486526,-0.07847799922486526
0.16313131313131313,1.0,0.08176288261499809,-0.08176288261499809
0.17272727272727273,1.0,0.08487301231217126,-0.08487301231217126
0.1823232323232323,1.0,0.08781103917452254,-0.08781103917452254
0.1919191919191919,1.0,0.09057961406018922,-0.09057961406018922
0.2015151515151515,1.0,0.09318138782730892,-0.09318138782730892
0.21111111111111108,1.0,0.0956190113340192,-0.0956190113340192
0.22070707070707068,1.0,0.09789513543845765,-0.09789513543845765
0.2303030303030303,1.0,0.10001241099876174,-0.10001241099876174
0.2398989898989899,1.0,0.10197348887306901,-0.10197348887306901
0.2494949494949495,1.0,0.10378101991951705,-0.10378101991951705
0.2590909090909091,1.0,0.10543765499624344,-0.10543765499624344
0.26868686868686864,1.0,0.1069460449613856,-0.1069460449613856
0.27828282828282824,1.0,0.10830884067308119,-0.10830884067308119
0.28787878787878785,1.0,0.10952869298946769,-0.10952869298946769
0.29747474747474745,1.0,0.11060825276868261,-0.11060825276868261
0.30707070707070705,1.0,0.1115501708688636,-0.1115501708688636
0.31666666666666665,1.0,0.11235709814814812,-0.11235709814814812
0.32626262626262625,1.0,0.11303168546467378,-0.11303168546467378
0.33585858585858586,1.0,0.11357658367657804,-0.11357658367657804
0.34545454545454546,1.0,0.11399444364199851,-0.11399444364199851
0.355050505050505,1.0,0.1142879162190727,-0.1142879162190727
0.3646464646464646,1.0,0.11445965226593813,-0.11445965226593813
0.3742424242424242,1.0,0.11451230264073237,-0.11451230264073237
0.3838383838383838,1.0,0.11444851820159305,-0.11444851820159305
0.3934343434343434,1.0,0.11427094980665753,-0.11427094980665753
0.403030303030303,1.0,0.11398224831406349,-0.11398224831406349
0.4126262626262626,1.0,0.11358506458194847,-0.11358506458194847
0.42222222222222217,1.0,0.11308204946844994,-0.11308204946844994
0.43181818181818177,1.0,0.11247585383170548,-0.11247585383170548
0.44141414141414137,1.0,0.11176912852985267,-0.11176912852985267
0.45101010101010097,1.0,0.110964524421029,-0.110964524421029
0.4606060606060606,1.0,0.11006469236337199,-0.11006469236337199
0.4702020202020202,1.0,0.10907228321501929,-0.10907228321501929
0.4797979797979798,1.0,0.10798994783410834,-0.10798994783410834
0.4893939393939394,1.0,0.10682033707877675,-0.10682033707877675
0.498989898989899,1.0,0.105566101807162,-0.105566101807162
0.5085858585858586,1.0,0.10422989287740173,-0.10422989287740173
0.5181818181818182,1.0,0.10281436114763338,-0.10281436114763338
0.5277777777777778,1.0,0.10132215747599449,-0.10132215747599449
0.5373737373737373,1.0,0.09975593272062269,-0.09975593272062269
0.5469696969696969,1.0,0.09811833773965553,-0.09811833773965553
0.5565656565656565,1.0,0.09641202339123042,-0.09641202339123042
0.5661616161616161,1.0,0.09463964053348503,-0.09463964053348503
0.5757575757575757,1.0,0.09280384002455688,-0.09280384002455688
0.5853535353535353,1.0,0.09090727272258348,-0.09090727272258348
0.5949494949494949,1.0,0.08895258948570235,-0.08895258948570235
0.6045454545454545,1.0,0.0869424411720511,-0.0869424411720511
0.6141414141414141,1.0,0.08487947863976723,-0.08487947863976723
0.6237373737373737,1.0,0.08276635274698828,-0.08276635274698828
0.6333333333333333,1.0,0.08060571435185182,-0.08060571435185182
0.6429292929292929,1.0,0.07840021431249544,-0.07840021431249544
0.6525252525252525,1.0,0.07615250348705657,-0.07615250348705657
0.6621212121212121,1.0,0.07386523273367282,-0.07386523273367282
0.6717171717171717,1.0,0.07154105291048168,-0.07154105291048168
0.6813131313131313,1.0,0.06918261487562083,-0.06918261487562083
0.6909090909090909,1.0,0.06679256948722763,-0.06679256948722763
0.7005050505050504,1.0,0.06437356760343976,-0.06437356760343976
0.71010101010101,1.0,0.061928260082394736,-0.061928260082394736
0.7196969696969696,1.0,0.05945929778223001,-0.05945929778223001
0.7292929292929292,1.0,0.05696933156108324,-0.05696933156108324
0.7388888888888888,1.0,0.05446101227709191,-0.05446101227709191
0.7484848484848484,1.0,0.051936990788393575,-0.051936990788393575
0.758080808080808,1.0,0.04939991795312579,-0.04939991795312579
0.7676767676767676,1.0,0.046852444629426095,-0.046852444629426095
0.7772727272727272,1.0,0.044297221675432,-0.044297221675432
0.7868686868686868,1.0,0.041736899949281106,-0.041736899949281106
0.7964646464646464,1.0,0.039174130309110905,-0.039174130309110905
0.806060606060606,1.0,0.036611563613058964,-0.036611563613058964
0.8156565656565656,1.0,0.034051850719262824,-0.034051850719262824
0.8252525252525252,1.0,0.03149764248586003,-0.03149764248586003
0.8348484848484848,1.0,0.028951589770988106,-0.028951589770988106
0.8444444444444443,1.0,0.02641634343278466,-0.02641634343278466
0.8540404040404039,1.0,0.023894554329387148,-0.023894554329387148
0.8636363636363635,1.0,0.02138887331893315,-0.02138887331893315
0.8732323232323231,1.0,0.018901951259560217,-0.018901951259560217
0.8828282828282827,1.0,0.016436439009405886,-0.016436439009405886
0.8924242424242423,1.0,0.013994987426607684,-0.013994987426607684
0.9020202020202019,1.0,0.01158024736930317,-0.01158024736930317
0.9116161616161615,1.0,0.009194869695629918,-0.009194869695629918
0.9212121212121211,1.0,0.006841505263725419,-0.006841505263725419
0.9308080808080808,1.0,0.004522804931727241,-0.004522804931727241
0.9404040404040404,1.0,0.002241419557772904,-0.002241419557772904
0.95,1.0,-0.0,0.0
0.0,1.5,4.7059374997937557e-07,-4.7059374997937557e-07
0.009343434343434345,1.5,0.0065701104193888644,-0.0065701104193888644
0.01868686868686869,1.5,0.012918642849815132,-0.012918642849815132
0.028030303030303034,1.5,0.01904875962779315,-0.01904875962779315
0.03737373737373738,1.5,0.0249631524960871,-0.0249631524960871
0.04671717171717173,1.5,0.03066451319746147,-0.03066451319746147
0.05606060606060607,1.5,0.036155533474680444,-0.036155533474680444
0.06540404040404041,1.5,0.04143890507050869,-0.04143890507050869
0.07474747474747476,1.5,0.04651731972771027,-0.04651731972771027
0.0840909090909091,1.5,0.05139346918904955,-0.05139346918904955
0.09343434343434345,1.5,0.056070045197291016,-0.056070045197291016
0.10277777777777779,1.5,0.06054973949519886,-0.06054973949519886
0.11212121212121214,1.5,0.06483524382553761,-0.06483524382553761
0.12146464646464648,1.5,0.06892924993107141,-0.06892924993107141
0.13080808080808082,1.5,0.07283444955456468,-0.07283444955456468
0.14015151515151517,1.5,0.07655353443878175,-0.07655353443878175
0.14949494949494951,1.5,0.08008919632648705,-0.08008919632648705
0.15883838383838386,1.5,0.08344412696044481,-0.08344412696044481
0.1681818181818182,1.5,0.0866210180834194,-0.0866210180834194
0.17752525252525256,1.5,0.08962256143817525,-0.08962256143817525
0.1868686868686869,1.5,0.09245144876747664,-0.09245144876747664
0.19621212121212123,1.5,0.09511037181408784,-0.09511037181408784
0.20555555555555557,1.5,0.09760202232077332,-0.09760202232077332
0.21489898989898992,1.5,0.09992909203029737,-0.09992909203029737
0.22424242424242427,1.5,0.1020942726854243,-0.1020942726854243
0.23358585858585862,1.5,0.10410025602891855,-0.10410025602891855
0.24292929292929297,1.5,0.10594973380354437,-0.10594973380354437
0.2522727272727273,1.5,0.10764539775206608,-0.10764539775206608
0.26161616161616164,1.5,0.10918993961724817,-0.10918993961724817
0.270959595959596,1.5,0.11058605114185487,-0.11058605114185487
0.28030303030303033,1.5,0.11183642406865053,-0.11183642406865053
0.2896464646464647,1.5,0.11294375014039951,-0.11294375014039951
0.29898989898989903,1.5,0.11391072109986619,-0.11391072109986619
0.30833333333333335,1.5,0.11474002868981485,-0.11474002868981485
0.3176767676767677,1.5,0.11543436465300982,-0.11543436465300982
0.32702020202020204,1.5,0.11599642073221551,-0.11599642073221551
0.3363636363636364,1.5,0.11642888867019627,-0.11642888867019627
0.34570707070707074,1.5,0.11673446020971642,-0.11673446020971642
0.3550505050505051,1.5,0.11691582709354027,-0.11691582709354027
0.36439393939393944,1.5,0.11697568106443222,-0.11697568106443222
0.3737373737373738,1.5,0.11691671386515656,-0.11691671386515656
0.38308080808080813,1.5,0.11674161723847769,-0.11674161723847769
0.39242424242424245,1.5,0.11645308292715989,-0.11645308292715989
0.40176767676767683,1.5,0.11605380267396755,-0.11605380267396755
0.41111111111111115,1.5,0.11554646822166494,-0.11554646822166494
0.4204545454545455,1.5,0.11493377131301658,-0.11493377131301658
0.42979797979797985,1.5,0.11421840369078658,-0.11421840369078658
0.4391414141414142,1.5,0.11340305709773948,-0.11340305709773948
0.44848484848484854,1.5,0.11249042327663954,-0.11249042327663954
0.45782828282828286,1.5,0.11148319397025105,-0.11148319397025105
0.46717171717171724,1.5,0.11038406092133844,-0.11038406092133844
0.47651515151515156,1.5,0.10919571587266609,-0.10919571587266609
0.48585858585858593,1.5,0.10792085056699821,-0.10792085056699821
0.49520202020202025,1.5,0.10656215674709922,-0.10656215674709922
0.5045454545454546,1.5,0.1051223261557335,-0.1051223261557335
0.513888888888889,1.5,0.10360405053566528,-0.10360405053566528
0.5232323232323233,1.5,0.10201002162965904,-0.10201002162965904
0.5325757575757576,1.5,0.10034293118047904,-0.10034293118047904
0.541919191919192,1.5,0.09860547093088963,-0.09860547093088963
0.5512626262626263,1.5,0.09680033262365517,-0.09680033262365517
0.5606060606060607,1.5,0.09493020800154003,-0.09493020800154003
0.569949494949495,1.5,0.09299778880730851,-0.09299778880730851
0.5792929292929294,1.5,0.09100576678372496,-0.09100576678372496
0.5886363636363637,1.5,0.08895683367355374,-0.08895683367355374
0.5979797979797981,1.5,0.08685368121955918,-0.08685368121955918
0.6073232323232324,1.5,0.08469900116450561,-0.08469900116450561
0.6166666666666667,1.5,0.08249548525115742,-0.08249548525115742
0.6260101010101011,1.5,0.0802458252222789,-0.0802458252222789
0.6353535353535354,1.5,0.07795271282063443,-0.07795271282063443
0.6446969696969698,1.5,0.07561883978898838,-0.07561883978898838
0.6540404040404041,1.5,0.07324689787010501,-0.07324689787010501
0.6633838383838385,1.5,0.07083957880674874,-0.07083957880674874
0.6727272727272728,1.5,0.06839957434168388,-0.06839957434168388
0.6820707070707072,1.5,0.06592957621767477,-0.06592957621767477
0.6914141414141415,1.5,0.06343227617748579,-0.06343227617748579
0.7007575757575758,1.5,0.06091036596388125,-0.06091036596388125
0.7101010101010102,1.5,0.05836653731962547,-0.05836653731962547
0.7194444444444446,1.5,0.05580348198748283,-0.05580348198748283
0.7287878787878789,1.5,0.0532238917102177,-0.0532238917102177
0.7381313131313132,1.5,0.05063045823059439,-0.05063045823059439
0.7474747474747476,1.5,0.04802587329137722,-0.04802587329137722
0.756818181818182,1.5,0.04541282863533057,-0.04541282863533057
0.7661616161616163,1.5,0.042794016005218774,-0.042794016005218774
0.7755050505050506,1.5,0.04017212714380618,-0.04017212714380618
0.7848484848484849,1.5,0.03754985379385713,-0.03754985379385713
0.7941919191919193,1.5,0.03492988769813595,-0.03492988769813595
0.8035353535353537,1.5,0.03231492059940699,-0.03231492059940699
0.812878787878788,1.5,0.029707644240434643,-0.029707644240434643
0.8222222222222223,1.5,0.027110750363983204,-0.027110750363983204
0.8315656565656566,1.5,0.024526930712817013,-0.024526930712817013
0.840909090909091,1.5,0.021958877029700383,-0.021958877029700383
0.8502525252525254,1.5,0.019409281057397743,-0.019409281057397743
0.8595959595959597,1.5,0.01688083453867342,-0.01688083453867342
0.868939393939394,1.5,0.0143762292162917,-0.0143762292162917
0.8782828282828284,1.5,0.011898156833016931,-0.011898156833016931
0.8876262626262628,1.5,0.009449309131613536,-0.009449309131613536
0.8969696969696971,1.5,0.007032377854845777,-0.007032377854845777
0.9063131313131314,1.5,0.004650054745478052,-0.004650054745478052
0.9156565656565657,1.5,0.002305031546274679,-0.002305031546274679
0.925,1.5,-0.0,0.0
0.0,2.0,1.9799999989578157e-07,-1.9799999989578157e-07
0.00909090909090909,2.0,0.0060788379504131745,-0.0060788379504131745
0.01818181818181818,2.0,0.011953258694214826,-0.011953258694214826
0.02727272727272727,2.0,0.017625939570247853,-0.017625939570247853
0.03636363636363636,2.0,0.02309935991735532,-0.02309935991735532
0.045454545454545456,2.0,0.028375999074380105,-0.028375999074380105
0.05454545454545454,2.0,0.03345833638016522,-0.03345833638016522
0.06363636363636363,2.0,0.038348851173553716,-0.038348851173553716
0.07272727272727272,2.0,0.04305002279338837,-0.04305002279338837
0.08181818181818182,2.0,0.04756433057851235,-0.04756433057851235
0.09090909090909091,2.0,0.05189425386776855,-0.05189425386776855
0.09999999999999999,2.0,0.05604227199999997,-0.05604227199999997
0.10909090909090909,2.0,0.06001086431404961,-0.06001086431404961
0.11818181818181818,2.0,0.06380251014876036,-0.06380251014876036
0.12727272727272726,2.0,0.06741968884297521,-0.06741968884297521
0.13636363636363635,2.0,0.07086487973553714,-0.07086487973553714
0.14545454545454545,2.0,0.07414056216528925,-0.07414056216528925
0.15454545454545454,2.0,0.07724921547107437,-0.07724921547107437
0.16363636363636364,2.0,0.0801933189917355,-0.0801933189917355
0.17272727272727273,2.0,0.0829753520661157,-0.0829753520661157
0.18181818181818182,2.0,0.0855977940330578,-0.0855977940330578
0.1909090909090909,2.0,0.08806312423140497,-0.08806312423140497
0.19999999999999998,2.0,0.090373822,-0.090373822
0.20909090909090908,2.0,0.0925323666776859,-0.0925323666776859
0.21818181818181817,2.0,0.09454123760330573,-0.09454123760330573
0.22727272727272727,2.0,0.09640291411570251,-0.09640291411570251
0.23636363636363636,2.0,0.09811987555371897,-0.09811987555371897
0.24545454545454545,2.0,0.09969460125619835,-0.09969460125619835
0.2545454545454545,2.0,0.10112957056198342,-0.10112957056198342
0.2636363636363636,2.0,0.10242726280991735,-0.10242726280991735
0.2727272727272727,2.0,0.10359015733884298,-0.10359015733884298
0.2818181818181818,2.0,0.10462073348760327,-0.10462073348760327
0.2909090909090909,2.0,0.10552147059504131,-0.10552147059504131
0.3,2.0,0.106294848,-0.106294848
0.3090909090909091,2.0,0.1069433450413223,-0.1069433450413223
0.3181818181818182,2.0,0.10746944105785124,-0.10746944105785124
0.32727272727272727,2.0,0.10787561538842973,-0.10787561538842973
0.33636363636363636,2.0,0.10816434737190084,-0.10816434737190084
0.34545454545454546,2.0,0.10833811634710742,-0.10833811634710742
0.35454545454545455,2.0,0.10839940165289254,-0.10839940165289254
0.36363636363636365,2.0,0.10835068262809917,-0.10835068262809917
0.3727272727272727,2.0,0.10819443861157024,-0.10819443861157024
0.3818181818181818,2.0,0.10793314894214875,-0.10793314894214875
0.3909090909090909,2.0,0.10756929295867769,-0.10756929295867769
0.39999999999999997,2.0,0.10710535,-0.10710535
0.40909090909090906,2.0,0.10654379940495866,-0.10654379940495866
0.41818181818181815,2.0,0.10588712051239668,-0.10588712051239668
0.42727272727272725,2.0,0.10513779266115701,-0.10513779266115701
0.43636363636363634,2.0,0.10429829519008264,-0.10429829519008264
0.44545454545454544,2.0,0.10337110743801652,-0.10337110743801652
0.45454545454545453,2.0,0.10235870874380168,-0.10235870874380168
0.4636363636363636,2.0,0.10126357844628102,-0.10126357844628102
0.4727272727272727,2.0,0.10008819588429749,-0.10008819588429749
0.4818181818181818,2.0,0.09883504039669423,-0.09883504039669423
0.4909090909090909,2.0,0.09750659132231404,-0.09750659132231404
0.5,2.0,0.096105328,-0.096105328
0.509090909090909,2.0,0.09463372976859505,-0.09463372976859505
0.5181818181818182,2.0,0.09309427596694213,-0.09309427596694213
0.5272727272727272,2.0,0.09148944593388432,-0.09148944593388432
0.5363636363636364,2.0,0.08982171900826448,-0.08982171900826448
0.5454545454545454,2.0,0.08809357452892565,-0.08809357452892565
0.5545454545454546,2.0,0.08630749183471073,-0.08630749183471073
0.5636363636363636,2.0,0.08446595026446281,-0.08446595026446281
0.5727272727272728,2.0,0.08257142915702478,-0.08257142915702478
0.5818181818181818,2.0,0.08062640785123969,-0.08062640785123969
0.5909090909090908,2.0,0.07863336568595045,-0.07863336568595045
0.6,2.0,0.076594782,-0.076594782
0.609090909090909,2.0,0.07451313613223143,-0.07451313613223143
0.6181818181818182,2.0,0.07239090742148761,-0.07239090742148761
0.6272727272727272,2.0,0.07023057520661158,-0.07023057520661158
0.6363636363636364,2.0,0.06803461882644628,-0.06803461882644628
0.6454545454545454,2.0,0.06580551761983473,-0.06580551761983473
0.6545454545454545,2.0,0.06354575092561984,-0.06354575092561984
0.6636363636363636,2.0,0.061257798082644664,-0.061257798082644664
0.6727272727272727,2.0,0.05894413842975207,-0.05894413842975207
0.6818181818181818,2.0,0.056607251305785145,-0.056607251305785145
0.6909090909090909,2.0,0.054249616049586794,-0.054249616049586794
0.7,2.0,0.051873712000000016,-0.051873712000000016
0.7090909090909091,2.0,0.04948201849586776,-0.04948201849586776
0.7181818181818181,2.0,0.04707701487603307,-0.04707701487603307
0.7272727272727273,2.0,0.04466118047933884,-0.04466118047933884
0.7363636363636363,2.0,0.04223699464462811,-0.04223699464462811
0.7454545454545454,2.0,0.039806936710743826,-0.039806936710743826
0.7545454545454545,2.0,0.03737348601652894,-0.03737348601652894
0.7636363636363636,2.0,0.03493912190082647,-0.03493912190082647
0.7727272727272727,2.0,0.03250632370247935,-0.03250632370247935
0.7818181818181817,2.0,0.030077570760330605,-0.030077570760330605
0.7909090909090909,2.0,0.02765534241322315,-0.02765534241322315
0.7999999999999999,2.0,0.025242118000000025,-0.025242118000000025
0.8090909090909091,2.0,0.022840376859504137,-0.022840376859504137
0.8181818181818181,2.0,0.020452598330578532,-0.020452598330578532
0.8272727272727273,2.0,0.018081261752066122,-0.018081261752066122
0.8363636363636363,2.0,0.015728846462809937,-0.015728846462809937
0.8454545454545455,2.0,0.013397831801652898,-0.013397831801652898
0.8545454545454545,2.0,0.011090697107438036,-0.011090697107438036
0.8636363636363636,2.0,0.008809921719008268,-0.008809921719008268
0.8727272727272727,2.0,0.006557984975206628,-0.006557984975206628
0.8818181818181817,2.0,0.004337366214876063,-0.004337366214876063
0.8909090909090909,2.0,0.0021505447768595184,-0.0021505447768595184
0.9,2.0,-0.0,0.0
0.0,2.5,-3.007812499733476e-07,3.007812499733476e-07
0.008838383838383838,2.5,0.005611587616449255,-0.005611587616449255
0.017676767676767676,2.5,0.01103527904344185,-0.01103527904344185
0.026515151515151512,2.5,0.016273051913070102,-0.016273051913070102
0.03535353535353535,2.5,0.021327184638676007,-0.021327184638676007
0.04419191919191919,2.5,0.026199955633601852,-0.026199955633601852
0.053030303030303025,2.5,0.03089364331118951,-0.03089364331118951
0.061868686868686865,2.5,0.03541052608478157,-0.03541052608478157
0.0707070707070707,2.5,0.039752882367720094,-0.039752882367720094
0.07954545454545454,2.5,0.04392299057334712,-0.04392299057334712
0.08838383838383838,2.5,0.04792312911500488,-0.04792312911500488
0.09722222222222222,2.5,0.051755576406035626,-0.051755576406035626
0.10606060606060605,2.5,0.05542261085978157,-0.05542261085978157
0.11489898989898989,2.5,0.05892651088958464,-0.05892651088958464
0.12373737373737373,2.5,0.062269554908787265,-0.062269554908787265
0.13257575757575757,2.5,0.06545402133073158,-0.06545402133073158
0.1414141414141414,2.5,0.06848218856875966,-0.06848218856875966
0.15025252525252525,2.5,0.07135633503621372,-0.07135633503621372
0.1590909090909091,2.5,0.07407873914643594,-0.07407873914643594
0.16792929292929293,2.5,0.07665167931276858,-0.07665167931276858
0.17676767676767677,2.5,0.07907743394855365,-0.07907743394855365
0.1856060606060606,2.5,0.08135828146713343,-0.08135828146713343
0.19444444444444445,2.5,0.08349650028185013,-0.08349650028185013
0.2032828282828283,2.5,0.08549436880604586,-0.08549436880604586
0.2121212121212121,2.5,0.08735416545306282,-0.08735416545306282
0.22095959595959594,2.5,0.0890781686362432,-0.0890781686362432
0.22979797979797978,2.5,0.09066865676892914,-0.09066865676892914
0.23863636363636362,2.5,0.09212790826446286,-0.09212790826446286
0.24747474747474746,2.5,0.09345820153618642,-0.09345820153618642
0.2563131313131313,2.5,0.09466181499744218,-0.09466181499744218
0.26515151515151514,2.5,0.09574102706157214,-0.09574102706157214
0.273989898989899,2.5,0.09669811614191864,-0.09669811614191864
0.2828282828282828,2.5,0.09753536065182374,-0.09753536065182374
0.29166666666666663,2.5,0.09825503900462965,-0.09825503900462965
0.3005050505050505,2.5,0.09885942961367855,-0.09885942961367855
0.3093434343434343,2.5,0.0993508108923126,-0.0993508108923126
0.3181818181818182,2.5,0.09973146125387397,-0.09973146125387397
0.327020202020202,2.5,0.10000365911170485,-0.10000365911170485
0.33585858585858586,2.5,0.10016968287914747,-0.10016968287914747
0.34469696969696967,2.5,0.10023181096954394,-0.10023181096954394
0.35353535353535354,2.5,0.1001923217962364,-0.1001923217962364
0.36237373737373735,2.5,0.10005349377256713,-0.10005349377256713
0.3712121212121212,2.5,0.09981760531187826,-0.09981760531187826
0.380050505050505,2.5,0.09948693482751196,-0.09948693482751196
0.3888888888888889,2.5,0.09906376073281037,-0.09906376073281037
0.3977272727272727,2.5,0.09855036144111574,-0.09855036144111574
0.4065656565656566,2.5,0.09794901536577018,-0.09794901536577018
0.4154040404040404,2.5,0.09726200092011585,-0.09726200092011585
0.4242424242424242,2.5,0.09649159651749503,-0.09649159651749503
0.43308080808080807,2.5,0.09564008057124983,-0.09564008057124983
0.4419191919191919,2.5,0.09470973149472241,-0.09470973149472241
0.45075757575757575,2.5,0.093702827701255,-0.093702827701255
0.45959595959595956,2.5,0.0926216476041897,-0.0926216476041897
0.4684343434343434,2.5,0.09146846961686876,-0.09146846961686876
0.47727272727272724,2.5,0.09024557215263433,-0.09024557215263433
0.4861111111111111,2.5,0.08895523362482852,-0.08895523362482852
0.4949494949494949,2.5,0.08759973244679366,-0.08759973244679366
0.5037878787878788,2.5,0.08618134703187176,-0.08618134703187176
0.5126262626262627,2.5,0.08470235579340508,-0.08470235579340508
0.5214646464646464,2.5,0.0831650371447358,-0.0831650371447358
0.5303030303030303,2.5,0.0815716694992061,-0.0815716694992061
0.5391414141414141,2.5,0.07992453127015811,-0.07992453127015811
0.547979797979798,2.5,0.07822590087093403,-0.07822590087093403
0.5568181818181818,2.5,0.07647805671487605,-0.07647805671487605
0.5656565656565656,2.5,0.0746832772153263,-0.0746832772153263
0.5744949494949495,2.5,0.07284384078562704,-0.07284384078562704
0.5833333333333333,2.5,0.07096202583912041,-0.07096202583912041
0.5921717171717171,2.5,0.06904011078914854,-0.06904011078914854
0.601010101010101,2.5,0.06708037404905362,-0.06708037404905362
0.6098484848484849,2.5,0.06508509403217784,-0.06508509403217784
0.6186868686868686,2.5,0.0630565491518634,-0.0630565491518634
0.6275252525252525,2.5,0.060997017821452476,-0.060997017821452476
0.6363636363636364,2.5,0.05890877845428719,-0.05890877845428719
0.6452020202020202,2.5,0.05679410946370976,-0.05679410946370976
0.654040404040404,2.5,0.0546552892630624,-0.0546552892630624
0.6628787878787878,2.5,0.0524945962656872,-0.0524945962656872
0.6717171717171717,2.5,0.05031430888492635,-0.05031430888492635
0.6805555555555556,2.5,0.04811670553412209,-0.04811670553412209
0.6893939393939393,2.5,0.045904064626616566,-0.045904064626616566
0.6982323232323232,2.5,0.043678664575751924,-0.043678664575751924
0.7070707070707071,2.5,0.041442783794870354,-0.041442783794870354
0.7159090909090908,2.5,0.03919870069731408,-0.03919870069731408
0.7247474747474747,2.5,0.03694869369642521,-0.03694869369642521
0.7335858585858586,2.5,0.034695041205545916,-0.034695041205545916
0.7424242424242424,2.5,0.03244002163801844,-0.03244002163801844
0.7512626262626262,2.5,0.030185913407184937,-0.030185913407184937
0.76010101010101,2.5,0.027934994926387544,-0.027934994926387544
0.7689393939393939,2.5,0.02568954460896847,-0.02568954460896847
0.7777777777777778,2.5,0.023451840868269885,-0.023451840868269885
0.7866161616161615,2.5,0.021224162117633987,-0.021224162117633987
0.7954545454545454,2.5,0.019008786770402915,-0.019008786770402915
0.8042929292929293,2.5,0.01680799323991884,-0.01680799323991884
0.8131313131313131,2.5,0.014624059939523953,-0.014624059939523953
0.8219696969696969,2.5,0.012459265282560465,-0.012459265282560465
0.8308080808080808,2.5,0.010315887682370501,-0.010315887682370501
0.8396464646464646,2.5,0.00819620555229626,-0.00819620555229626
0.8484848484848484,2.5,0.006102497305679917,-0.006102497305679917
0.8573232323232323,2.5,0.004037041355863653,-0.004037041355863653
0.8661616161616161,2.5,0.002002116116189612,-0.002002116116189612
0.875,2.5,-0.0,0.0
0.0,3.0,3.9737500002745567e-07,-3.9737500002745567e-07
0.008585858585858586,3.0,0.005169210576477479,-0.005169210576477479
0.01717171717171717,3.0,0.010165004779187865,-0.010165004779187865
0.025757575757575757,3.0,0.014989868630547883,-0.014989868630547883
0.03434343434343434,3.0,0.01964589077797478,-0.01964589077797478
0.04292929292929293,3.0,0.024135159868885318,-0.024135159868885318
0.051515151515151514,3.0,0.028459764550696372,-0.028459764550696372
0.0601010101010101,3.0,0.03262179347082504,-0.03262179347082504
0.06868686868686869,3.0,0.03662333527668809,-0.03662333527668809
0.07727272727272727,3.0,0.04046647861570252,-0.04046647861570252
0.08585858585858586,3.0,0.04415331213528526,-0.04415331213528526
0.09444444444444444,3.0,0.047685924482853234,-0.047685924482853234
0.10303030303030303,3.0,0.05106640430582338,-0.05106640430582338
0.11161616161616161,3.0,0.05429684025161265,-0.05429684025161265
0.1202020202020202,3.0,0.057379320967637946,-0.057379320967637946
0.12878787878787878,3.0,0.060315935101316186,-0.060315935101316186
0.13737373737373737,3.0,0.06310877130006434,-0.06310877130006434
0.14595959595959596,3.0,0.06575991821129934,-0.06575991821129934
0.15454545454545454,3.0,0.06827146448243802,-0.06827146448243802
0.16313131313131313,3.0,0.07064549876089739,-0.07064549876089739
0.1717171717171717,3.0,0.07288410969409446,-0.07288410969409446
0.1803030303030303,3.0,0.07498938592944604,-0.07498938592944604
0.18888888888888888,3.0,0.07696341611436903,-0.07696341611436903
0.19747474747474747,3.0,0.07880828889628047,-0.07880828889628047
0.20606060606060606,3.0,0.08052609292259721,-0.08052609292259721
0.21464646464646464,3.0,0.08211891684073619,-0.08211891684073619
0.22323232323232323,3.0,0.08358884929811443,-0.08358884929811443
0.2318181818181818,3.0,0.08493797894214877,-0.08493797894214877
0.2404040404040404,3.0,0.08616839442025616,-0.08616839442025616
0.24898989898989898,3.0,0.08728218437985356,-0.08728218437985356
0.25757575757575757,3.0,0.08828143746835784,-0.08828143746835784
0.26616161616161615,3.0,0.08916824233318599,-0.08916824233318599
0.27474747474747474,3.0,0.08994468762175489,-0.08994468762175489
0.2833333333333333,3.0,0.0906128619814815,-0.0906128619814815
0.2919191919191919,3.0,0.09117485405978278,-0.09117485405978278
0.3005050505050505,3.0,0.09163275250407554,-0.09163275250407554
0.3090909090909091,3.0,0.09198864596177687,-0.09198864596177687
0.31767676767676767,3.0,0.09224462308030362,-0.09224462308030362
0.32626262626262625,3.0,0.0924027725070727,-0.0924027725070727
0.33484848484848484,3.0,0.09246518288950108,-0.09246518288950108
0.3434343434343434,3.0,0.0924339428750057,-0.0924339428750057
0.352020202020202,3.0,0.09231114111100344,-0.09231114111100344
0.3606060606060606,3.0,0.09209886624491125,-0.09209886624491125
0.3691919191919192,3.0,0.09179920692414606,-0.09179920692414606
0.37777777777777777,3.0,0.09141425179612482,-0.09141425179612482
0.38636363636363635,3.0,0.09094608950826447,-0.09094608950826447
0.39494949494949494,3.0,0.09039680870798189,-0.09039680870798189
0.4035353535353535,3.0,0.0897684980426941,-0.0897684980426941
0.4121212121212121,3.0,0.08906324615981787,-0.08906324615981787
0.4207070707070707,3.0,0.08828314170677029,-0.08828314170677029
0.4292929292929293,3.0,0.08743027333096824,-0.08743027333096824
0.43787878787878787,3.0,0.08650672967982861,-0.08650672967982861
0.44646464646464645,3.0,0.08551459940076839,-0.08551459940076839
0.45505050505050504,3.0,0.08445597114120443,-0.08445597114120443
0.4636363636363636,3.0,0.08333293354855373,-0.08333293354855373
0.4722222222222222,3.0,0.08214757527023323,-0.08214757527023323
0.4808080808080808,3.0,0.08090198495365979,-0.08090198495365979
0.4893939393939394,3.0,0.07959825124625038,-0.07959825124625038
0.49797979797979797,3.0,0.07823846279542196,-0.07823846279542196
0.5065656565656566,3.0,0.07682470824859142,-0.07682470824859142
0.5151515151515151,3.0,0.0753590762531757,-0.0753590762531757
0.5237373737373737,3.0,0.07384365545659174,-0.07384365545659174
0.5323232323232323,3.0,0.07228053450625646,-0.07228053450625646
0.5409090909090909,3.0,0.07067180204958677,-0.07067180204958677
0.5494949494949495,3.0,0.06901954673399967,-0.06901954673399967
0.5580808080808081,3.0,0.06732585720691202,-0.06732585720691202
0.5666666666666667,3.0,0.06559282211574076,-0.06559282211574076
0.5752525252525252,3.0,0.06382253010790281,-0.06382253010790281
0.5838383838383838,3.0,0.06201706983081518,-0.06201706983081518
0.5924242424242424,3.0,0.0601785299318947,-0.0601785299318947
0.601010101010101,3.0,0.05830899905855838,-0.05830899905855838
0.6095959595959596,3.0,0.056410565858223086,-0.056410565858223086
0.6181818181818182,3.0,0.05448531897830579,-0.05448531897830579
0.6267676767676768,3.0,0.05253534706622342,-0.05253534706622342
0.6353535353535353,3.0,0.050562738769392865,-0.050562738769392865
0.6439393939393939,3.0,0.048569582735231105,-0.048569582735231105
0.6525252525252525,3.0,0.04655796761115504,-0.04655796761115504
0.6611111111111111,3.0,0.04452998204458163,-0.04452998204458163
0.6696969696969697,3.0,0.04248771468292776,-0.04248771468292776
0.6782828282828283,3.0,0.04043325417361039,-0.04043325417361039
0.6868686868686869,3.0,0.03836868916404648,-0.03836868916404648
0.6954545454545454,3.0,0.03629610830165289,-0.03629610830165289
0.704040404040404,3.0,0.0342176002338466,-0.0342176002338466
0.7126262626262626,3.0,0.03213525360804453,-0.03213525360804453
0.7212121212121212,3.0,0.030051157071663614,-0.030051157071663614
0.7297979797979798,3.0,0.02796739927212077,-0.02796739927212077
0.7383838383838384,3.0,0.025886068856832933,-0.025886068856832933
0.746969696969697,3.0,0.023809254473217023,-0.023809254473217023
0.7555555555555555,3.0,0.021739044768689996,-0.021739044768689996
0.7641414141414141,3.0,0.019677528390668764,-0.019677528390668764
0.7727272727272727,3.0,0.017626793986570254,-0.017626793986570254
0.7813131313131313,3.0,0.015588930203811396,-0.015588930203811396
0.7898989898989899,3.0,0.013566025689809144,-0.013566025689809144
0.7984848484848485,3.0,0.011560169091980405,-0.011560169091980405
0.807070707070707,3.0,0.009573449057742133,-0.009573449057742133
0.8156565656565656,3.0,0.00760795423451121,-0.00760795423451121
0.8242424242424242,3.0,0.005665773269704615,-0.005665773269704615
0.8328282828282828,3.0,0.0037489948107392776,-0.0037489948107392776
0.8414141414141414,3.0,0.0018597075050320797,-0.0018597075050320797
0.85,3.0,-0.0,0.0
0.0,3.5,-1.7015625003447002e-07,1.7015625003447002e-07
0.008333333333333333,3.5,0.004748727245370444,-0.004748727245370444
0.016666666666666666,3.5,0.009338960723379737,-0.009338960723379737
0.025,3.5,0.013772440000000047,-0.013772440000000047
0.03333333333333333,3.5,0.018051074797453704,-0.018051074797453704
0.041666666666666664,3.5,0.022176774837962973,-0.022176774837962973
0.05,3.5,0.026151449843750053,-0.026151449843750053
0.058333333333333334,3.5,0.029977009537037063,-0.029977009537037063
0.06666666666666667,3.5,0.03365536364004636,-0.03365536364004636
0.075,3.5,0.037188421875000016,-0.037188421875000016
0.08333333333333333,3.5,0.04057809396412046,-0.04057809396412046
0.09166666666666666,3.5,0.04382628962962971,-0.04382628962962971
0.1,3.5,0.04693491859375,-0.04693491859375
0.10833333333333334,3.5,0.04990589057870371,-0.04990589057870371
0.11666666666666667,3.5,0.052741115306713,-0.052741115306713
0.125,3.5,0.05544250250000006,-0.05544250250000006
0.13333333333333333,3.5,0.05801196188078707,-0.05801196188078707
0.14166666666666666,3.5,0.0604514031712963,-0.0604514031712963
0.15,3.5,0.06276273609375009,-0.06276273609375009
0.15833333333333333,3.5,0.06494787037037045,-0.06494787037037045
0.16666666666666666,3.5,0.06700871572337962,-0.06700871572337962
0.175,3.5,0.06894718187500004,-0.06894718187500004
0.18333333333333332,3.5,0.07076517854745373,-0.07076517854745373
0.19166666666666665,3.5,0.07246461546296296,-0.07246461546296296
0.2,3.5,0.07404740234375003,-0.07404740234375003
0.20833333333333334,3.5,0.07551544891203708,-0.07551544891203708
0.21666666666666667,3.5,0.07687066489004633,-0.07687066489004633
0.225,3.5,0.07811496000000005,-0.07811496000000005
0.23333333333333334,3.5,0.07925024396412039,-0.07925024396412039
0.24166666666666667,3.5,0.08027842650462964,-0.08027842650462964
0.25,3.5,0.08120141734375,-0.08120141734375
0.2583333333333333,3.5,0.08202112620370373,-0.08202112620370373
0.26666666666666666,3.5,0.08273946280671295,-0.08273946280671295
0.275,3.5,0.08335833687500005,-0.08335833687500005
0.2833333333333333,3.5,0.08387965813078704,-0.08387965813078704
0.2916666666666667,3.5,0.08430533629629632,-0.08430533629629632
0.3,3.5,0.08463728109375004,-0.08463728109375004
0.30833333333333335,3.5,0.08487740224537042,-0.08487740224537042
0.31666666666666665,3.5,0.08502760947337966,-0.08502760947337966
0.325,3.5,0.08508981250000004,-0.08508981250000004
0.3333333333333333,3.5,0.08506592104745374,-0.08506592104745374
0.3416666666666667,3.5,0.08495784483796295,-0.08495784483796295
0.35,3.5,0.08476749359375002,-0.08476749359375002
0.35833333333333334,3.5,0.08449677703703708,-0.08449677703703708
0.36666666666666664,3.5,0.08414760489004629,-0.08414760489004629
0.375,3.5,0.083721886875,-0.083721886875
0.3833333333333333,3.5,0.08322153271412042,-0.08322153271412042
0.39166666666666666,3.5,0.08264845212962967,-0.08264845212962967
0.4,3.5,0.08200455484375004,-0.08200455484375004
0.4083333333333333,3.5,0.0812917505787037,-0.0812917505787037
0.4166666666666667,3.5,0.080511949056713,-0.080511949056713
0.425,3.5,0.07966705999999998,-0.07966705999999998
0.43333333333333335,3.5,0.07875899313078705,-0.07875899313078705
0.44166666666666665,3.5,0.07778965817129631,-0.07778965817129631
0.45,3.5,0.07676096484375003,-0.07676096484375003
0.4583333333333333,3.5,0.07567482287037039,-0.07567482287037039
0.4666666666666667,3.5,0.07453314197337964,-0.07453314197337964
0.475,3.5,0.073337831875,-0.073337831875
0.48333333333333334,3.5,0.0720908022974537,-0.0720908022974537
0.49166666666666664,3.5,0.07079396296296299,-0.07079396296296299
0.5,3.5,0.06944922359375,-0.06944922359375
0.5083333333333333,3.5,0.06805849391203705,-0.06805849391203705
0.5166666666666666,3.5,0.06662368364004631,-0.06662368364004631
0.525,3.5,0.0651467025,-0.0651467025
0.5333333333333333,3.5,0.06362946021412037,-0.06362946021412037
0.5416666666666666,3.5,0.06207386650462965,-0.06207386650462965
0.55,3.5,0.060481831093749994,-0.060481831093749994
0.5583333333333333,3.5,0.05885526370370372,-0.05885526370370372
0.5666666666666667,3.5,0.05719607405671297,-0.05719607405671297
0.575,3.5,0.05550617187500001,-0.05550617187500001
0.5833333333333334,3.5,0.053787466880787026,-0.053787466880787026
0.5916666666666667,3.5,0.0520418687962963,-0.0520418687962963
0.6,3.5,0.050271287343750005,-0.050271287343750005
0.6083333333333333,3.5,0.048477632245370376,-0.048477632245370376
0.6166666666666667,3.5,0.04666281322337963,-0.04666281322337963
0.625,3.5,0.044828740000000006,-0.044828740000000006
0.6333333333333333,3.5,0.042977322297453706,-0.042977322297453706
0.6416666666666666,3.5,0.04111046983796298,-0.04111046983796298
0.65,3.5,0.039230092343749995,-0.039230092343749995
0.6583333333333333,3.5,0.03733809953703704,-0.03733809953703704
0.6666666666666666,3.5,0.03543640114004631,-0.03543640114004631
0.675,3.5,0.03352690687499998,-0.03352690687499998
0.6833333333333333,3.5,0.03161152646412037,-0.03161152646412037
0.6916666666666667,3.5,0.02969216962962963,-0.02969216962962963
0.7,3.5,0.027770746093750003,-0.027770746093750003
0.7083333333333334,3.5,0.025849165578703696,-0.025849165578703696
0.7166666666666667,3.5,0.02392933780671295,-0.02392933780671295
0.725,3.5,0.0220131725,-0.0220131725
0.7333333333333333,3.5,0.02010257938078704,-0.02010257938078704
0.7416666666666667,3.5,0.018199468171296283,-0.018199468171296283
0.75,3.5,0.016305748593749992,-0.016305748593749992
0.7583333333333333,3.5,0.014423330370370375,-0.014423330370370375
0.7666666666666666,3.5,0.01255412322337963,-0.01255412322337963
0.775,3.5,0.010700036874999978,-0.010700036874999978
0.7833333333333333,3.5,0.008862981047453708,-0.008862981047453708
0.7916666666666666,3.5,0.007044865462962953,-0.007044865462962953
0.8,3.5,0.005247599843749979,-0.005247599843749979
0.8083333333333333,3.5,0.0034730939120370345,-0.0034730939120370345
0.8166666666666667,3.5,0.0017232573900462927,-0.0017232573900462927
0.825,3.5,-0.0,0.0
0.0,4.0,3.5199999999974144e-05,-3.5199999999974144e-05
0.00808080808080808,4.0,0.004386243979639251,-0.004386243979639251
0.01616161616161616,4.0,0.00859218124227684,-0.00859218124227684
0.024242424242424242,4.0,0.01265475310682586,-0.01265475310682586
0.03232323232323232,4.0,0.016575700892199216,-0.016575700892199216
0.0404040404040404,4.0,0.020356765917310032,-0.020356765917310032
0.048484848484848485,4.0,0.023999689501071307,-0.023999689501071307
0.05656565656565657,4.0,0.027506212962396158,-0.027506212962396158
0.06464646464646465,4.0,0.030878077620197463,-0.030878077620197463
0.07272727272727272,4.0,0.034117024793388434,-0.034117024793388434
0.0808080808080808,4.0,0.03722479580088195,-0.03722479580088195
0.08888888888888889,4.0,0.04020313196159121,-0.04020313196159121
0.09696969696969697,4.0,0.04305377459442914,-0.04305377459442914
0.10505050505050505,4.0,0.04577846501830882,-0.04577846501830882
0.11313131313131314,4.0,0.04837894455214321,-0.04837894455214321
0.12121212121212122,4.0,0.05085695451484542,-0.05085695451484542
0.1292929292929293,4.0,0.05321423622532846,-0.05321423622532846
0.13737373737373737,4.0,0.05545253100250543,-0.05545253100250543
0.14545454545454545,4.0,0.057573580165289295,-0.057573580165289295
0.15353535353535352,4.0,0.05957912503259305,-0.05957912503259305
0.1616161616161616,4.0,0.06147090692332982,-0.06147090692332982
0.1696969696969697,4.0,0.06325066715641264,-0.06325066715641264
0.17777777777777778,4.0,0.06492014705075448,-0.06492014705075448
0.18585858585858586,4.0,0.06648108792526838,-0.06648108792526838
0.19393939393939394,4.0,0.06793523109886747,-0.06793523109886747
0.20202020202020202,4.0,0.06928431789046469,-0.06928431789046469
0.2101010101010101,4.0,0.07053008961897313,-0.07053008961897313
0.21818181818181817,4.0,0.07167428760330578,-0.07167428760330578
0.22626262626262628,4.0,0.07271865316237573,-0.07271865316237573
0.23434343434343435,4.0,0.073664927615096,-0.073664927615096
0.24242424242424243,4.0,0.07451485228037957,-0.07451485228037957
0.2505050505050505,4.0,0.07527016847713955,-0.07527016847713955
0.2585858585858586,4.0,0.07593261752428891,-0.07593261752428891
0.26666666666666666,4.0,0.07650394074074075,-0.07650394074074075
0.27474747474747474,4.0,0.07698587944540809,-0.07698587944540809
0.2828282828282828,4.0,0.07738017495720391,-0.07738017495720391
0.2909090909090909,4.0,0.07768856859504135,-0.07768856859504135
0.298989898989899,4.0,0.07791280167783335,-0.07791280167783335
0.30707070707070705,4.0,0.078054615524493,-0.078054615524493
0.3151515151515151,4.0,0.07811575145393328,-0.07811575145393328
0.3232323232323232,4.0,0.0780979507850673,-0.0780979507850673
0.33131313131313134,4.0,0.07800295483680805,-0.07800295483680805
0.3393939393939394,4.0,0.07783250492806858,-0.07783250492806858
0.3474747474747475,4.0,0.07758834237776191,-0.07758834237776191
0.35555555555555557,4.0,0.07727220850480111,-0.07727220850480111
0.36363636363636365,4.0,0.07688584462809919,-0.07688584462809919
0.3717171717171717,4.0,0.07643099206656917,-0.07643099206656917
0.3797979797979798,4.0,0.07590939213912413,-0.07590939213912413
0.3878787878787879,4.0,0.0753227861646771,-0.0753227861646771
0.39595959595959596,4.0,0.07467291546214108,-0.07467291546214108
0.40404040404040403,4.0,0.0739615213504291,-0.0739615213504291
0.4121212121212121,4.0,0.07319034514845425,-0.07319034514845425
0.4202020202020202,4.0,0.07236112817512955,-0.07236112817512955
0.42828282828282827,4.0,0.071475611749368,-0.071475611749368
0.43636363636363634,4.0,0.07053553719008267,-0.07053553719008267
0.4444444444444444,4.0,0.06954264581618659,-0.06954264581618659
0.45252525252525255,4.0,0.06849867894659277,-0.06849867894659277
0.46060606060606063,4.0,0.06740537790021428,-0.06740537790021428
0.4686868686868687,4.0,0.06626448399596414,-0.06626448399596414
0.4767676767676768,4.0,0.0650777385527554,-0.0650777385527554
0.48484848484848486,4.0,0.06384688288950109,-0.06384688288950109
0.49292929292929294,4.0,0.06257365832511423,-0.06257365832511423
0.501010101010101,4.0,0.06125980617850789,-0.06125980617850789
0.509090909090909,4.0,0.05990706776859507,-0.05990706776859507
0.5171717171717172,4.0,0.058517184414288825,-0.058517184414288825
0.5252525252525253,4.0,0.05709189743450215,-0.05709189743450215
0.5333333333333333,4.0,0.05563294814814816,-0.05563294814814816
0.5414141414141415,4.0,0.05414207787413983,-0.05414207787413983
0.5494949494949495,4.0,0.052621027931390243,-0.052621027931390243
0.5575757575757576,4.0,0.05107153963881238,-0.05107153963881238
0.5656565656565656,4.0,0.04949535431531932,-0.04949535431531932
0.5737373737373738,4.0,0.047894213279824065,-0.047894213279824065
0.5818181818181818,4.0,0.046269857851239694,-0.046269857851239694
0.5898989898989899,4.0,0.04462402934847919,-0.04462402934847919
0.597979797979798,4.0,0.04295846909045564,-0.04295846909045564
0.6060606060606061,4.0,0.04127491839608205,-0.04127491839608205
0.6141414141414141,4.0,0.03957511858427147,-0.03957511858427147
0.6222222222222222,4.0,0.03786081097393691,-0.03786081097393691
0.6303030303030303,4.0,0.03613373688399146,-0.03613373688399146
0.6383838383838384,4.0,0.034395637633348096,-0.034395637633348096
0.6464646464646464,4.0,0.03264825454091989,-0.03264825454091989
0.6545454545454545,4.0,0.03089332892561985,-0.03089332892561985
0.6626262626262627,4.0,0.02913260210636103,-0.02913260210636103
0.6707070707070707,4.0,0.027367815402056492,-0.027367815402056492
0.6787878787878788,4.0,0.025600710131619225,-0.025600710131619225
0.6868686868686869,4.0,0.02383302761396231,-0.02383302761396231
0.694949494949495,4.0,0.02206650916799873,-0.02206650916799873
0.703030303030303,4.0,0.020302896112641584,-0.020302896112641584
0.7111111111111111,4.0,0.018543929766803847,-0.018543929766803847
0.7191919191919192,4.0,0.016791351449398605,-0.016791351449398605
0.7272727272727273,4.0,0.01504690247933885,-0.01504690247933885
0.7353535353535353,4.0,0.013312324175537663,-0.013312324175537663
0.7434343434343434,4.0,0.011589357856908036,-0.011589357856908036
0.7515151515151515,4.0,0.009879744842363045,-0.009879744842363045
0.7595959595959596,4.0,0.008185226450815685,-0.008185226450815685
0.7676767676767676,4.0,0.006507544001179039,-0.006507544001179039
0.7757575757575758,4.0,0.004848438812366095,-0.004848438812366095
0.7838383838383839,4.0,0.003209652203289913,-0.003209652203289913
0.7919191919191919,4.0,0.0015929254928635508,-0.0015929254928635508
0.8,4.0,-0.0,0.0
0.0,4.5,-2.3250000001917569e-07,2.3250000001917569e-07
0.007828282828282828,4.5,0.004337491624571421,-0.004337491624571421
0.015656565656565657,4.5,0.008530849902754234,-0.008530849902754234
0.023484848484848483,4.5,0.012581569373069512,-0.012581569373069512
0.031313131313131314,4.5,0.016491377074038516,-0.016491377074038516
0.039141414141414144,4.5,0.020262000044182236,-0.020262000044182236
0.04696969696969697,4.5,0.02389516532202187,-0.02389516532202187
0.0547979797979798,4.5,0.02739259994607851,-0.02739259994607851
0.06262626262626263,4.5,0.03075603095487318,-0.03075603095487318
0.07045454545454545,4.5,0.03398718538692711,-0.03398718538692711
0.07828282828282829,4.5,0.03708779028076139,-0.03708779028076139
0.08611111111111111,4.5,0.04005957267489715,-0.04005957267489715
0.09393939393939393,4.5,0.04290425960785538,-0.04290425960785538
0.10176767676767677,4.5,0.045623578118157336,-0.045623578118157336
0.1095959595959596,4.5,0.048219255244324154,-0.048219255244324154
0.11742424242424243,4.5,0.05069301802487689,-0.05069301802487689
0.12525252525252525,4.5,0.053046593498336604,-0.053046593498336604
0.13308080808080808,4.5,0.05528170870322445,-0.05528170870322445
0.1409090909090909,4.5,0.057400090678061594,-0.057400090678061594
0.14873737373737375,4.5,0.059403466461369084,-0.059403466461369084
0.15656565656565657,4.5,0.06129356309166814,-0.06129356309166814
0.1643939393939394,4.5,0.06307210760747976,-0.06307210760747976
0.17222222222222222,4.5,0.06474082704732508,-0.06474082704732508
0.18005050505050504,4.5,0.06630144844972531,-0.06630144844972531
0.18787878787878787,4.5,0.06775569885320146,-0.06775569885320146
0.19570707070707072,4.5,0.06910530529627468,-0.06910530529627468
0.20353535353535354,4.5,0.07035199481746605,-0.07035199481746605
0.21136363636363636,4.5,0.0714974944552967,-0.0714974944552967
0.2191919191919192,4.5,0.0725435312482879,-0.0725435312482879
0.227020202020202,4.5,0.07349183223496059,-0.07349183223496059
0.23484848484848486,4.5,0.07434412445383588,-0.07434412445383588
0.24267676767676769,4.5,0.07510213494343497,-0.07510213494343497
0.2505050505050505,4.5,0.07576759074227889,-0.07576759074227889
0.25833333333333336,4.5,0.07634221888888891,-0.07634221888888891
0.26616161616161615,4.5,0.07682774642178596,-0.07682774642178596
0.273989898989899,4.5,0.07722590037949129,-0.07722590037949129
0.2818181818181818,4.5,0.07753840780052594,-0.07753840780052594
0.28964646464646465,4.5,0.07776699572341102,-0.07776699572341102
0.2974747474747475,4.5,0.07791339118666772,-0.07791339118666772
0.3053030303030303,4.5,0.0779793212288171,-0.0779793212288171
0.31313131313131315,4.5,0.07796651288838027,-0.07796651288838027
0.32095959595959594,4.5,0.0778766932038784,-0.0778766932038784
0.3287878787878788,4.5,0.07771158921383255,-0.07771158921383255
0.33661616161616165,4.5,0.07747292795676383,-0.07747292795676383
0.34444444444444444,4.5,0.0771624364711934,-0.0771624364711934
0.3522727272727273,4.5,0.07678184179564236,-0.07678184179564236
0.3601010101010101,4.5,0.07633287096863185,-0.07633287096863185
0.36792929292929294,4.5,0.07581725102868293,-0.07581725102868293
0.37575757575757573,4.5,0.07523670901431674,-0.07523670901431674
0.3835858585858586,4.5,0.07459297196405439,-0.07459297196405439
0.39141414141414144,4.5,0.07388776691641702,-0.07388776691641702
0.39924242424242423,4.5,0.07312282090992572,-0.07312282090992572
0.4070707070707071,4.5,0.07229986098310161,-0.07229986098310161
0.4148989898989899,4.5,0.07142061417446581,-0.07142061417446581
0.42272727272727273,4.5,0.07048680752253945,-0.07048680752253945
0.4305555555555556,4.5,0.06950016806584361,-0.06950016806584361
0.4383838383838384,4.5,0.06846242284289947,-0.06846242284289947
0.4462121212121212,4.5,0.06737529889222808,-0.06737529889222808
0.454040404040404,4.5,0.06624052325235058,-0.06624052325235058
0.4618686868686869,4.5,0.06505982296178807,-0.06505982296178807
0.4696969696969697,4.5,0.0638349250590617,-0.0638349250590617
0.4775252525252525,4.5,0.06256755658269254,-0.06256755658269254
0.48535353535353537,4.5,0.06125944457120176,-0.06125944457120176
0.49318181818181817,4.5,0.05991231606311045,-0.05991231606311045
0.501010101010101,4.5,0.058527898096939715,-0.058527898096939715
0.5088383838383839,4.5,0.05710791771121067,-0.05710791771121067
0.5166666666666667,4.5,0.055654101944444444,-0.055654101944444444
0.5244949494949495,4.5,0.054168177835162167,-0.054168177835162167
0.5323232323232323,4.5,0.05265187242188492,-0.05265187242188492
0.5401515151515152,4.5,0.051106912743133816,-0.051106912743133816
0.547979797979798,4.5,0.049535025837430004,-0.049535025837430004
0.5558080808080809,4.5,0.04793793874329459,-0.04793793874329459
0.5636363636363636,4.5,0.0463173784992487,-0.0463173784992487
0.5714646464646465,4.5,0.044675072143813416,-0.044675072143813416
0.5792929292929293,4.5,0.04301274671550986,-0.04301274671550986
0.5871212121212122,4.5,0.041332129252859166,-0.041332129252859166
0.594949494949495,4.5,0.03963494679438245,-0.03963494679438245
0.6027777777777777,4.5,0.037922926378600834,-0.037922926378600834
0.6106060606060606,4.5,0.036197795044035405,-0.036197795044035405
0.6184343434343434,4.5,0.03446127982920728,-0.03446127982920728
0.6262626262626263,4.5,0.0327151077726376,-0.0327151077726376
0.6340909090909091,4.5,0.03096100591284747,-0.03096100591284747
0.6419191919191919,4.5,0.02920070128835803,-0.02920070128835803
0.6497474747474747,4.5,0.027435920937690348,-0.027435920937690348
0.6575757575757576,4.5,0.025668391899365563,-0.025668391899365563
0.6654040404040404,4.5,0.023899841211904787,-0.023899841211904787
0.6732323232323233,4.5,0.02213199591382914,-0.02213199591382914
0.681060606060606,4.5,0.02036658304365976,-0.02036658304365976
0.6888888888888889,4.5,0.018605329639917692,-0.018605329639917692
0.6967171717171717,4.5,0.01684996274112412,-0.01684996274112412
0.7045454545454546,4.5,0.01510220938580014,-0.01510220938580014
0.7123737373737374,4.5,0.013363796612466864,-0.013363796612466864
0.7202020202020202,4.5,0.011636451459645434,-0.011636451459645434
0.728030303030303,4.5,0.009921900965856918,-0.009921900965856918
0.7358585858585859,4.5,0.008221872169622455,-0.008221872169622455
0.7436868686868687,4.5,0.0065380921094631604,-0.0065380921094631604
0.7515151515151515,4.5,0.004872287823900172,-0.004872287823900172
0.7593434343434343,4.5,0.0032261863514545606,-0.0032261863514545606
0.7671717171717172,4.5,0.001601514730647465,-0.001601514730647465
0.775,4.5,-0.0,0.0
0.0,5.0,3.656250000150241e-07,-3.656250000150241e-07
0.007575757575757576,5.0,0.0042813764487158405,-0.0042813764487158405
0.015151515151515152,5.0,0.008420192779464777,-0.008420192779464777
0.022727272727272728,5.0,0.012418510293012787,-0.012418510293012787
0.030303030303030304,5.0,0.016278024665125786,-0.016278024665125786
0.03787878787878788,5.0,0.02000043157156967,-0.02000043157156967
0.045454545454545456,5.0,0.023587426688110424,-0.023587426688110424
0.05303030303030303,5.0,0.027040705690513943,-0.027040705690513943
0.06060606060606061,5.0,0.030361964254546143,-0.030361964254546143
0.06818181818181818,5.0,0.03355289805597295,-0.03355289805597295
0.07575757575757576,5.0,0.03661520277056036,-0.03661520277056036
0.08333333333333334,5.0,0.03955057407407415,-0.03955057407407415
0.09090909090909091,5.0,0.04236070764228027,-0.04236070764228027
0.09848484848484848,5.0,0.04504729915094473,-0.04504729915094473
0.10606060606060606,5.0,0.047612044275833404,-0.047612044275833404
0.11363636363636365,5.0,0.05005663869271229,-0.05005663869271229
0.12121212121212122,5.0,0.05238277807734723,-0.05238277807734723
0.12878787878787878,5.0,0.05459215810550409,-0.05459215810550409
0.13636363636363635,5.0,0.05668647445294893,-0.05668647445294893
0.14393939393939395,5.0,0.05866742279544761,-0.05866742279544761
0.15151515151515152,5.0,0.060536698808766026,-0.060536698808766026
0.1590909090909091,5.0,0.062295998168670215,-0.062295998168670215
0.16666666666666669,5.0,0.06394701655092594,-0.06394701655092594
0.17424242424242425,5.0,0.06549144963129928,-0.06549144963129928
0.18181818181818182,5.0,0.06693099308555597,-0.06693099308555597
0.1893939393939394,5.0,0.06826734258946215,-0.06826734258946215
0.19696969696969696,5.0,0.06950219381878361,-0.06950219381878361
0.20454545454545456,5.0,0.07063724244928626,-0.07063724244928626
0.21212121212121213,5.0,0.0716741841567361,-0.0716741841567361
0.2196969696969697,5.0,0.07261471461689904,-0.07261471461689904
0.2272727272727273,5.0,0.07346052950554095,-0.07346052950554095
0.23484848484848486,5.0,0.07421332449842784,-0.07421332449842784
0.24242424242424243,5.0,0.07487479527132553,-0.07487479527132553
0.25,5.0,0.07544663750000002,-0.07544663750000002
0.25757575757575757,5.0,0.07593054686021718,-0.07593054686021718
0.26515151515151514,5.0,0.07632821902774303,-0.07632821902774303
0.2727272727272727,5.0,0.07664134967834335,-0.07664134967834335
0.28030303030303033,5.0,0.07687163448778417,-0.07687163448778417
0.2878787878787879,5.0,0.07702076913183141,-0.07702076913183141
0.29545454545454547,5.0,0.07709044928625097,-0.07709044928625097
0.30303030303030304,5.0,0.07708237062680873,-0.07708237062680873
0.3106060606060606,5.0,0.07699822882927068,-0.07699822882927068
0.3181818181818182,5.0,0.07683971956940273,-0.07683971956940273
0.32575757575757575,5.0,0.07660853852297077,-0.07660853852297077
0.33333333333333337,5.0,0.07630638136574075,-0.07630638136574075
0.34090909090909094,5.0,0.07593494377347859,-0.07593494377347859
0.3484848484848485,5.0,0.07549592142195023,-0.07549592142195023
0.3560606060606061,5.0,0.07499100998692158,-0.07499100998692158
0.36363636363636365,5.0,0.07442190514415854,-0.07442190514415854
0.3712121212121212,5.0,0.07379030256942705,-0.07379030256942705
0.3787878787878788,5.0,0.07309789793849307,-0.07309789793849307
0.38636363636363635,5.0,0.07234638692712247,-0.07234638692712247
0.3939393939393939,5.0,0.07153746521108122,-0.07153746521108122
0.40151515151515155,5.0,0.07067282846613518,-0.07067282846613518
0.4090909090909091,5.0,0.06975417236805034,-0.06975417236805034
0.4166666666666667,5.0,0.06878319259259262,-0.06878319259259262
0.42424242424242425,5.0,0.06776158481552787,-0.06776158481552787
0.4318181818181818,5.0,0.0666910447126221,-0.0666910447126221
0.4393939393939394,5.0,0.06557326795964119,-0.06557326795964119
0.44696969696969696,5.0,0.06440995023235105,-0.06440995023235105
0.4545454545454546,5.0,0.06320278720651765,-0.06320278720651765
0.46212121212121215,5.0,0.061953474557906896,-0.061953474557906896
0.4696969696969697,5.0,0.06066370796228471,-0.06066370796228471
0.4772727272727273,5.0,0.05933518309541698,-0.05933518309541698
0.48484848484848486,5.0,0.05796959563306968,-0.05796959563306968
0.49242424242424243,5.0,0.05656864125100871,-0.05656864125100871
0.5,5.0,0.055134015625000005,-0.055134015625000005
0.5075757575757576,5.0,0.053667414430809475,-0.053667414430809475
0.5151515151515151,5.0,0.052170533344203046,-0.052170533344203046
0.5227272727272727,5.0,0.050645068040946664,-0.050645068040946664
0.5303030303030303,5.0,0.049092714196806234,-0.049092714196806234
0.5378787878787878,5.0,0.04751516748754767,-0.04751516748754767
0.5454545454545454,5.0,0.04591412358893689,-0.04591412358893689
0.5530303030303031,5.0,0.04429127817673984,-0.04429127817673984
0.5606060606060607,5.0,0.042648326926722456,-0.042648326926722456
0.5681818181818182,5.0,0.04098696551465064,-0.04098696551465064
0.5757575757575758,5.0,0.039308889616290296,-0.039308889616290296
0.5833333333333334,5.0,0.03761579490740741,-0.03761579490740741
0.5909090909090909,5.0,0.035909377063767844,-0.035909377063767844
0.5984848484848485,5.0,0.03419133176113756,-0.03419133176113756
0.6060606060606061,5.0,0.032463354675282434,-0.032463354675282434
0.6136363636363636,5.0,0.030727141481968444,-0.030727141481968444
0.6212121212121212,5.0,0.02898438785696149,-0.02898438785696149
0.6287878787878788,5.0,0.02723678947602749,-0.02723678947602749
0.6363636363636364,5.0,0.025486042014932396,-0.025486042014932396
0.6439393939393939,5.0,0.02373384114944208,-0.02373384114944208
0.6515151515151515,5.0,0.02198188255532252,-0.02198188255532252
0.6590909090909091,5.0,0.020231861908339595,-0.020231861908339595
0.6666666666666667,5.0,0.01848547488425924,-0.01848547488425924
0.6742424242424243,5.0,0.01674441715884742,-0.01674441715884742
0.6818181818181819,5.0,0.015010384407870007,-0.015010384407870007
0.6893939393939394,5.0,0.01328507230709295,-0.01328507230709295
0.696969696969697,5.0,0.011570176532282176,-0.011570176532282176
0.7045454545454546,5.0,0.009867392759203609,-0.009867392759203609
0.7121212121212122,5.0,0.008178416663623147,-0.008178416663623147
0.7196969696969697,5.0,0.006504943921306736,-0.006504943921306736
0.7272727272727273,5.0,0.004848670208020278,-0.004848670208020278
0.7348484848484849,5.0,0.003211291199529721,-0.003211291199529721
0.7424242424242424,5.0,0.0015945025716009868,-0.0015945025716009868
0.75,5.0,-0.0,0.0
0.0,5.5,-1.2687500004493478e-07,1.2687500004493478e-07
0.007323232323232323,5.5,0.004186453680419555,-0.004186453680419555
0.014646464646464645,5.5,0.008234259345216682,-0.008234259345216682
0.02196969696969697,5.5,0.01214493963992544,-0.01214493963992544
0.02929292929292929,5.5,0.01592014408508032,-0.01592014408508032
0.036616161616161616,5.5,0.019561522201215847,-0.019561522201215847
0.04393939393939394,5.5,0.023070723508866207,-0.023070723508866207
0.05126262626262626,5.5,0.026449397528565892,-0.026449397528565892
0.05858585858585858,5.5,0.02969919378084943,-0.02969919378084943
0.0659090909090909,5.5,0.03282176178625092,-0.03282176178625092
0.07323232323232323,5.5,0.03581875106530498,-0.03581875106530498
0.08055555555555555,5.5,0.03869181113854597,-0.03869181113854597
0.08787878787878788,5.5,0.04144259152650817,-0.04144259152650817
0.09520202020202019,5.5,0.04407274174972607,-0.04407274174972607
0.10252525252525252,5.5,0.04658391132873413,-0.04658391132873413
0.10984848484848483,5.5,0.04897774978406657,-0.04897774978406657
0.11717171717171716,5.5,0.05125590663625782,-0.05125590663625782
0.12449494949494949,5.5,0.05342003140584249,-0.05342003140584249
0.1318181818181818,5.5,0.055471773613354605,-0.055471773613354605
0.13914141414141412,5.5,0.05741278277932883,-0.05741278277932883
0.14646464646464646,5.5,0.059244708424299526,-0.059244708424299526
0.15378787878787878,5.5,0.060969200068800945,-0.060969200068800945
0.1611111111111111,5.5,0.06258790723336763,-0.06258790723336763
0.1684343434343434,5.5,0.06410247943853387,-0.06410247943853387
0.17575757575757575,5.5,0.06551456620483413,-0.06551456620483413
0.18308080808080807,5.5,0.06682581705280276,-0.06682581705280276
0.19040404040404038,5.5,0.06803788150297418,-0.06803788150297418
0.19772727272727272,5.5,0.0691524090758828,-0.0691524090758828
0.20505050505050504,5.5,0.07017104929206293,-0.07017104929206293
0.21237373737373735,5.5,0.07109545167204899,-0.07109545167204899
0.21969696969696967,5.5,0.07192726573637542,-0.07192726573637542
0.227020202020202,5.5,0.07266814100557663,-0.07266814100557663
0.23434343434343433,5.5,0.07331972700018692,-0.07331972700018692
0.24166666666666664,5.5,0.07388367324074072,-0.07388367324074072
0.24898989898989898,5.5,0.07436162924777244,-0.07436162924777244
0.25631313131313127,5.5,0.07475524454181648,-0.07475524454181648
0.2636363636363636,5.5,0.07506616864340719,-0.07506616864340719
0.27095959595959596,5.5,0.075296051073079,-0.075296051073079
0.27828282828282824,5.5,0.07544654135136629,-0.07544654135136629
0.2856060606060606,5.5,0.07551928899880346,-0.07551928899880346
0.29292929292929293,5.5,0.07551594353592486,-0.07551594353592486
0.3002525252525252,5.5,0.07543815448326494,-0.07543815448326494
0.30757575757575756,5.5,0.07528757136135804,-0.07528757136135804
0.3148989898989899,5.5,0.07506584369073861,-0.07506584369073861
0.3222222222222222,5.5,0.074774620991941,-0.074774620991941
0.32954545454545453,5.5,0.07441555278549962,-0.07441555278549962
0.3368686868686868,5.5,0.07399028859194885,-0.07399028859194885
0.34419191919191916,5.5,0.07350047793182304,-0.07350047793182304
0.3515151515151515,5.5,0.0729477703256567,-0.0729477703256567
0.3588383838383838,5.5,0.07233381529398411,-0.07233381529398411
0.36616161616161613,5.5,0.0716602623573397,-0.0716602623573397
0.3734848484848485,5.5,0.07092876103625789,-0.07092876103625789
0.38080808080808076,5.5,0.07014096085127304,-0.07014096085127304
0.3881313131313131,5.5,0.06929851132291952,-0.06929851132291952
0.39545454545454545,5.5,0.06840306197173177,-0.06840306197173177
0.40277777777777773,5.5,0.06745626231824416,-0.06745626231824416
0.4101010101010101,5.5,0.06645976188299109,-0.06645976188299109
0.4174242424242424,5.5,0.06541521018650695,-0.06541521018650695
0.4247474747474747,5.5,0.0643242567493261,-0.0643242567493261
0.43207070707070705,5.5,0.06318855109198297,-0.06318855109198297
0.43939393939393934,5.5,0.06200974273501196,-0.06200974273501196
0.4467171717171717,5.5,0.06078948119894742,-0.06078948119894742
0.454040404040404,5.5,0.05952941600432378,-0.05952941600432378
0.4613636363636363,5.5,0.05823119667167542,-0.05823119667167542
0.46868686868686865,5.5,0.056896472721536716,-0.056896472721536716
0.476010101010101,5.5,0.0555268936744421,-0.0555268936744421
0.4833333333333333,5.5,0.05412410905092592,-0.05412410905092592
0.4906565656565656,5.5,0.05268976837152258,-0.05268976837152258
0.49797979797979797,5.5,0.051225521156766485,-0.051225521156766485
0.5053030303030303,5.5,0.049733016927192036,-0.049733016927192036
0.5126262626262625,5.5,0.0482139052033336,-0.0482139052033336
0.5199494949494949,5.5,0.04666983550572553,-0.04666983550572553
0.5272727272727272,5.5,0.04510245735490233,-0.04510245735490233
0.5345959595959595,5.5,0.043513420271398304,-0.043513420271398304
0.5419191919191919,5.5,0.04190437377574786,-0.04190437377574786
0.5492424242424242,5.5,0.04027696738848541,-0.04027696738848541
0.5565656565656565,5.5,0.03863285063014534,-0.03863285063014534
0.5638888888888889,5.5,0.036973673021261984,-0.036973673021261984
0.5712121212121212,5.5,0.035301084082369844,-0.035301084082369844
0.5785353535353535,5.5,0.033616733334003245,-0.033616733334003245
0.5858585858585859,5.5,0.03192227029669656,-0.03192227029669656
0.5931818181818181,5.5,0.03021934449098423,-0.03021934449098423
0.6005050505050504,5.5,0.028509605437400623,-0.028509605437400623
0.6078282828282828,5.5,0.0267947026564801,-0.0267947026564801
0.6151515151515151,5.5,0.02507628566875712,-0.02507628566875712
0.6224747474747474,5.5,0.02335600399476605,-0.02335600399476605
0.6297979797979798,5.5,0.02163550715504125,-0.02163550715504125
0.6371212121212121,5.5,0.019916444670117144,-0.019916444670117144
0.6444444444444444,5.5,0.018200466060528126,-0.018200466060528126
0.6517676767676768,5.5,0.016489220846808542,-0.016489220846808542
0.6590909090909091,5.5,0.014784358549492858,-0.014784358549492858
0.6664141414141413,5.5,0.013087528689115415,-0.013087528689115415
0.6737373737373736,5.5,0.011400380786210633,-0.011400380786210633
0.681060606060606,5.5,0.009724564361312851,-0.009724564361312851
0.6883838383838383,5.5,0.008061728934956536,-0.008061728934956536
0.6957070707070706,5.5,0.006413524027676031,-0.006413524027676031
0.703030303030303,5.5,0.004781599160005704,-0.004781599160005704
0.7103535353535353,5.5,0.0031676038524800186,-0.0031676038524800186
0.7176767676767676,5.5,0.0015731876256333205,-0.0015731876256333205
0.725,5.5,-0.0,0.0
0.0,6.0,-2.624999999450983e-07,2.624999999450983e-07
0.00707070707070707,6.0,0.004059077459937693,-0.004059077459937693
0.01414141414141414,6.0,0.007984139655778821,-0.007984139655778821
0.02121212121212121,6.0,0.011776514834293414,-0.011776514834293414
0.02828282828282828,6.0,0.015437793742251113,-0.015437793742251113
0.03535353535353535,6.0,0.018969567126421935,-0.018969567126421935
0.04242424242424242,6.0,0.022373425733575522,-0.022373425733575522
0.049494949494949494,6.0,0.02565096031048164,-0.02565096031048164
0.05656565656565656,6.0,0.028803761603910308,-0.028803761603910308
0.06363636363636363,6.0,0.031833420360631165,-0.031833420360631165
0.0707070707070707,6.0,0.03474152732741404,-0.03474152732741404
0.07777777777777778,6.0,0.03752967325102879,-0.03752967325102879
0.08484848484848484,6.0,0.040199448878245295,-0.040199448878245295
0.09191919191919191,6.0,0.042752444955833246,-0.042752444955833246
0.09898989898989899,6.0,0.04519025223056245,-0.04519025223056245
0.10606060606060605,6.0,0.0475144614492028,-0.0475144614492028
0.11313131313131312,6.0,0.04972666335852402,-0.04972666335852402
0.1202020202020202,6.0,0.05182844870529604,-0.05182844870529604
0.12727272727272726,6.0,0.05382140823628851,-0.05382140823628851
0.13434343434343435,6.0,0.05570713269827136,-0.05570713269827136
0.1414141414141414,6.0,0.05748721283801437,-0.05748721283801437
0.14848484848484847,6.0,0.059163239402287356,-0.059163239402287356
0.15555555555555556,6.0,0.060736803137860125,-0.060736803137860125
0.16262626262626262,6.0,0.062209494791502444,-0.062209494791502444
0.16969696969696968,6.0,0.06358290510998416,-0.06358290510998416
0.17676767676767677,6.0,0.06485862484007511,-0.06485862484007511
0.18383838383838383,6.0,0.06603824472854503,-0.06603824472854503
0.1909090909090909,6.0,0.06712335552216381,-0.06712335552216381
0.19797979797979798,6.0,0.0681155479677012,-0.0681155479677012
0.20505050505050504,6.0,0.06901641281192705,-0.06901641281192705
0.2121212121212121,6.0,0.06982754080161116,-0.06982754080161116
0.2191919191919192,6.0,0.07055052268352334,-0.07055052268352334
0.22626262626262625,6.0,0.07118694920443337,-0.07118694920443337
0.2333333333333333,6.0,0.0717384111111111,-0.0717384111111111
0.2404040404040404,6.0,0.07220649915032636,-0.07220649915032636
0.24747474747474746,6.0,0.0725928040688489,-0.0725928040688489
0.2545454545454545,6.0,0.07289891661344855,-0.07289891661344855
0.2616161616161616,6.0,0.07312642753089513,-0.07312642753089513
0.2686868686868687,6.0,0.07327692756795845,-0.07327692756795845
0.27575757575757576,6.0,0.0733520074714083,-0.0733520074714083
0.2828282828282828,6.0,0.07335325798801454,-0.07335325798801454
0.2898989898989899,6.0,0.07328226986454692,-0.07328226986454692
0.29696969696969694,6.0,0.07314063384777528,-0.07314063384777528
0.304040404040404,6.0,0.07292994068446945,-0.07292994068446945
0.3111111111111111,6.0,0.0726517811213992,-0.0726517811213992
0.3181818181818182,6.0,0.07230774590533434,-0.07230774590533434
0.32525252525252524,6.0,0.07189942578304472,-0.07189942578304472
0.3323232323232323,6.0,0.07142841150130012,-0.07142841150130012
0.33939393939393936,6.0,0.07089629380687036,-0.07089629380687036
0.3464646464646464,6.0,0.07030466344652525,-0.07030466344652525
0.35353535353535354,6.0,0.0696551111670346,-0.0696551111670346
0.3606060606060606,6.0,0.0689492277151682,-0.0689492277151682
0.36767676767676766,6.0,0.06818860383769591,-0.06818860383769591
0.3747474747474747,6.0,0.0673748302813875,-0.0673748302813875
0.3818181818181818,6.0,0.06650949779301278,-0.06650949779301278
0.38888888888888884,6.0,0.06559419711934156,-0.06559419711934156
0.39595959595959596,6.0,0.06463051900714369,-0.06463051900714369
0.403030303030303,6.0,0.06362005420318892,-0.06362005420318892
0.4101010101010101,6.0,0.06256439345424708,-0.06256439345424708
0.41717171717171714,6.0,0.061465127507088026,-0.061465127507088026
0.4242424242424242,6.0,0.06032384710848153,-0.06032384710848153
0.43131313131313126,6.0,0.05914214300519738,-0.05914214300519738
0.4383838383838384,6.0,0.05792160594400539,-0.05792160594400539
0.44545454545454544,6.0,0.056663826671675424,-0.056663826671675424
0.4525252525252525,6.0,0.055370395934977265,-0.055370395934977265
0.45959595959595956,6.0,0.054042904480680706,-0.054042904480680706
0.4666666666666666,6.0,0.052682943055555556,-0.052682943055555556
0.47373737373737373,6.0,0.05129210240637165,-0.05129210240637165
0.4808080808080808,6.0,0.04987197327989877,-0.04987197327989877
0.48787878787878786,6.0,0.04842414642290676,-0.04842414642290676
0.4949494949494949,6.0,0.04695021258216539,-0.04695021258216539
0.502020202020202,6.0,0.0454517625044445,-0.0454517625044445
0.509090909090909,6.0,0.0439303869365139,-0.0439303869365139
0.5161616161616162,6.0,0.042387676625143374,-0.042387676625143374
0.5232323232323232,6.0,0.040825222317102776,-0.040825222317102776
0.5303030303030303,6.0,0.03924461475916187,-0.03924461475916187
0.5373737373737374,6.0,0.03764744469809047,-0.03764744469809047
0.5444444444444444,6.0,0.03603530288065844,-0.03603530288065844
0.5515151515151515,6.0,0.03440978005363552,-0.03440978005363552
0.5585858585858585,6.0,0.03277246696379158,-0.03277246696379158
0.5656565656565656,6.0,0.031124954357896376,-0.031124954357896376
0.5727272727272726,6.0,0.02946883298271977,-0.02946883298271977
0.5797979797979798,6.0,0.027805693585031516,-0.027805693585031516
0.5868686868686869,6.0,0.026137126911601465,-0.026137126911601465
0.5939393939393939,6.0,0.024464723709199443,-0.024464723709199443
0.601010101010101,6.0,0.022790074724595197,-0.022790074724595197
0.608080808080808,6.0,0.021114770704558604,-0.021114770704558604
0.6151515151515151,6.0,0.019440402395859417,-0.019440402395859417
0.6222222222222222,6.0,0.01776856054526748,-0.01776856054526748
0.6292929292929292,6.0,0.016100835899552617,-0.016100835899552617
0.6363636363636364,6.0,0.01443881920548459,-0.01443881920548459
0.6434343434343434,6.0,0.012784101209833266,-0.012784101209833266
0.6505050505050505,6.0,0.011138272659368398,-0.011138272659368398
0.6575757575757575,6.0,0.00950292430085985,-0.00950292430085985
0.6646464646464646,6.0,0.007879646881077382,-0.007879646881077382
0.6717171717171717,6.0,0.006270031146790826,-0.006270031146790826
0.6787878787878787,6.0,0.00467566784477002,-0.00467566784477002
0.6858585858585858,6.0,0.003098147721784724,-0.003098147721784724
0.6929292929292928,6.0,0.0015390615246047969,-0.0015390615246047969
0.7,6.0,-0.0,0.0
0.0,6.5,3.379999999886252e-07,-3.379999999886252e-07
0.006565656565656566,6.5,0.0035062987352227903,-0.0035062987352227903
0.013131313131313133,6.5,0.00689678272190113,-0.00689678272190113
0.0196969696969697,6.5,0.010173148510337439,-0.010173148510337439
0.026262626262626265,6.5,0.013336754650834438,-0.013336754650834438
0.03282828282828283,6.5,0.016388959693694426,-0.016388959693694426
0.0393939393939394,6.5,0.01933112218922004,-0.01933112218922004
0.045959595959595964,6.5,0.0221646006877138,-0.0221646006877138
0.05252525252525253,6.5,0.024890753739478223,-0.024890753739478223
0.0590909090909091,6.5,0.0275109398948159,-0.0275109398948159
0.06565656565656566,6.5,0.030026517704029334,-0.030026517704029334
0.07222222222222223,6.5,0.03243884571742108,-0.03243884571742108
0.0787878787878788,6.5,0.03474928248529365,-0.03474928248529365
0.08535353535353536,6.5,0.03695918655794968,-0.03695918655794968
0.09191919191919193,6.5,0.03906991648569152,-0.03906991648569152
0.0984848484848485,6.5,0.0410828308188218,-0.0410828308188218
0.10505050505050506,6.5,0.04299928810764311,-0.04299928810764311
0.11161616161616163,6.5,0.044820646902457885,-0.044820646902457885
0.1181818181818182,6.5,0.04654826575356872,-0.04654826575356872
0.12474747474747476,6.5,0.04818350321127818,-0.04818350321127818
0.13131313131313133,6.5,0.04972771782588872,-0.04972771782588872
0.13787878787878788,6.5,0.05118226814770288,-0.05118226814770288
0.14444444444444446,6.5,0.0525485127270233,-0.0525485127270233
0.15101010101010104,6.5,0.05382781011415242,-0.05382781011415242
0.1575757575757576,6.5,0.055021518859392805,-0.055021518859392805
0.16414141414141414,6.5,0.05613099751304698,-0.05613099751304698
0.17070707070707072,6.5,0.05715760462541752,-0.05715760462541752
0.1772727272727273,6.5,0.058102698746806895,-0.058102698746806895
0.18383838383838386,6.5,0.05896763842751768,-0.05896763842751768
0.1904040404040404,6.5,0.059753782217852415,-0.059753782217852415
0.196969696969697,6.5,0.06046248866811363,-0.06046248866811363
0.20353535353535357,6.5,0.06109511632860387,-0.06109511632860387
0.21010101010101012,6.5,0.06165302374962563,-0.06165302374962563
0.21666666666666667,6.5,0.06213756948148147,-0.06213756948148147
0.22323232323232325,6.5,0.06255011207447393,-0.06255011207447393
0.22979797979797983,6.5,0.06289201007890557,-0.06289201007890557
0.2363636363636364,6.5,0.06316462204507887,-0.06316462204507887
0.24292929292929294,6.5,0.06336930652329642,-0.06336930652329642
0.24949494949494952,6.5,0.06350742206386072,-0.06350742206386072
0.2560606060606061,6.5,0.06358032721707432,-0.06358032721707432
0.26262626262626265,6.5,0.06358938053323974,-0.06358938053323974
0.2691919191919192,6.5,0.06353594056265953,-0.06353594056265953
0.27575757575757576,6.5,0.06342136585563625,-0.06342136585563625
0.28232323232323236,6.5,0.06324701496247238,-0.06324701496247238
0.2888888888888889,6.5,0.06301424643347049,-0.06301424643347049
0.29545454545454547,6.5,0.06272441881893312,-0.06272441881893312
0.3020202020202021,6.5,0.062378890669162794,-0.062378890669162794
0.30858585858585863,6.5,0.061979020534462054,-0.061979020534462054
0.3151515151515152,6.5,0.061526166965133425,-0.061526166965133425
0.32171717171717173,6.5,0.06102168851147943,-0.06102168851147943
0.3282828282828283,6.5,0.06046694372380266,-0.06046694372380266
0.3348484848484849,6.5,0.0598632911524056,-0.0598632911524056
0.34141414141414145,6.5,0.05921208934759079,-0.05921208934759079
0.347979797979798,6.5,0.05851469685966078,-0.05851469685966078
0.3545454545454546,6.5,0.057772472238918106,-0.057772472238918106
0.36111111111111116,6.5,0.05698677403566528,-0.05698677403566528
0.3676767676767677,6.5,0.05615896080020488,-0.05615896080020488
0.37424242424242427,6.5,0.055290391082839424,-0.055290391082839424
0.3808080808080808,6.5,0.054382423433871424,-0.054382423433871424
0.3873737373737374,6.5,0.053436416403603415,-0.053436416403603415
0.393939393939394,6.5,0.052453728542337964,-0.052453728542337964
0.40050505050505053,6.5,0.05143571840037761,-0.05143571840037761
0.40707070707070714,6.5,0.050383744528024854,-0.050383744528024854
0.4136363636363637,6.5,0.04929916547558225,-0.04929916547558225
0.42020202020202024,6.5,0.04818333979335235,-0.04818333979335235
0.4267676767676768,6.5,0.04703762603163768,-0.04703762603163768
0.43333333333333335,6.5,0.04586338274074074,-0.04586338274074074
0.43989898989898996,6.5,0.0446619684709641,-0.0446619684709641
0.4464646464646465,6.5,0.04343474177261028,-0.04343474177261028
0.45303030303030306,6.5,0.04218306119598186,-0.04218306119598186
0.45959595959595967,6.5,0.0409082852913813,-0.0409082852913813
0.4661616161616162,6.5,0.03961177260911121,-0.03961177260911121
0.4727272727272728,6.5,0.03829488169947407,-0.03829488169947407
0.4792929292929293,6.5,0.03695897111277246,-0.03695897111277246
0.4858585858585859,6.5,0.03560539939930888,-0.03560539939930888
0.4924242424242425,6.5,0.03423552510938586,-0.03423552510938586
0.49898989898989904,6.5,0.03285070679330598,-0.03285070679330598
0.5055555555555556,6.5,0.03145230300137174,-0.03145230300137174
0.5121212121212122,6.5,0.030041672283885684,-0.030041672283885684
0.5186868686868688,6.5,0.028620173191150358,-0.028620173191150358
0.5252525252525253,6.5,0.027189164273468288,-0.027189164273468288
0.5318181818181819,6.5,0.025750004081142003,-0.025750004081142003
0.5383838383838384,6.5,0.024304051164474053,-0.024304051164474053
0.544949494949495,6.5,0.02285266407376696,-0.02285266407376696
0.5515151515151515,6.5,0.021397201359323267,-0.021397201359323267
0.5580808080808082,6.5,0.019939021571445486,-0.019939021571445486
0.5646464646464647,6.5,0.018479483260436195,-0.018479483260436195
0.5712121212121213,6.5,0.01701994497659793,-0.01701994497659793
0.5777777777777778,6.5,0.015561765270233183,-0.015561765270233183
0.5843434343434344,6.5,0.014106302691644538,-0.014106302691644538
0.5909090909090909,6.5,0.012654915791134478,-0.012654915791134478
0.5974747474747475,6.5,0.011208963119005592,-0.011208963119005592
0.6040404040404042,6.5,0.009769803225560343,-0.009769803225560343
0.6106060606060607,6.5,0.008338794661101356,-0.008338794661101356
0.6171717171717173,6.5,0.0069172959759311245,-0.0069172959759311245
0.6237373737373738,6.5,0.00550666572035216,-0.00550666572035216
0.6303030303030304,6.5,0.004108262444667043,-0.004108262444667043
0.6368686868686869,6.5,0.0027234446991782867,-0.0027234446991782867
0.6434343434343435,6.5,0.001353571034188427,-0.001353571034188427
0.65,6.5,-0.0,0.0
0.0,7.0,2.7755575615628914e-17,-2.7755575615628914e-17
0.006060606060606061,7.0,0.0034878259175780135,-0.0034878259175780135
0.012121212121212121,7.0,0.006861285026574293,-0.006861285026574293
0.01818181818181818,7.0,0.010121712997746085,-0.010121712997746085
0.024242424242424242,7.0,0.013270445501850497,-0.013270445501850497
0.030303030303030304,7.0,0.016308818209644665,-0.016308818209644665
0.03636363636363636,7.0,0.019238166791885836,-0.019238166791885836
0.04242424242424243,7.0,0.022059826919331088,-0.022059826919331088
0.048484848484848485,7.0,0.024775134262737586,-0.024775134262737586
0.05454545454545454,7.0,0.02738542449286252,-0.02738542449286252
0.06060606060606061,7.0,0.02989203328046308,-0.02989203328046308
0.06666666666666667,7.0,0.032296296296296295,-0.032296296296296295
0.07272727272727272,7.0,0.03459954921111946,-0.03459954921111946
0.07878787878787878,7.0,0.036803127695689664,-0.036803127695689664
0.08484848484848485,7.0,0.038908367420764145,-0.038908367420764145
0.09090909090909091,7.0,0.04091660405709996,-0.04091660405709996
0.09696969696969697,7.0,0.04282917327545427,-0.04282917327545427
0.10303030303030303,7.0,0.04464741074658431,-0.04464741074658431
0.10909090909090909,7.0,0.04637265214124717,-0.04637265214124717
0.11515151515151516,7.0,0.04800623313020007,-0.04800623313020007
0.12121212121212122,7.0,0.04954948938420016,-0.04954948938420016
0.12727272727272726,7.0,0.05100375657400452,-0.05100375657400452
0.13333333333333333,7.0,0.05237037037037036,-0.05237037037037036
0.1393939393939394,7.0,0.05365066644405489,-0.05365066644405489
0.14545454545454545,7.0,0.054845980465815194,-0.054845980465815194
0.15151515151515152,7.0,0.055957648106408436,-0.055957648106408436
0.15757575757575756,7.0,0.056987005036591806,-0.056987005036591806
0.16363636363636364,7.0,0.05793538692712247,-0.05793538692712247
0.1696969696969697,7.0,0.05880412944875757,-0.05880412944875757
0.17575757575757575,7.0,0.05959456827225422,-0.05959456827225422
0.18181818181818182,7.0,0.060308039068369665,-0.060308039068369665
0.18787878787878787,7.0,0.060945877507860985,-0.060945877507860985
0.19393939393939394,7.0,0.06150941926148537,-0.06150941926148537
0.2,7.0,0.06200000000000001,-0.06200000000000001
0.20606060606060606,7.0,0.062418955394162,-0.062418955394162
0.21212121212121213,7.0,0.06276762111472856,-0.06276762111472856
0.21818181818181817,7.0,0.06304733283245678,-0.06304733283245678
0.22424242424242424,7.0,0.06325942621810389,-0.06325942621810389
0.23030303030303031,7.0,0.06340523694242703,-0.06340523694242703
0.23636363636363636,7.0,0.06348610067618332,-0.06348610067618332
0.24242424242424243,7.0,0.06350335309012994,-0.06350335309012994
0.24848484848484848,7.0,0.06345832985502406,-0.06345832985502406
0.2545454545454545,7.0,0.06335236664162283,-0.06335236664162283
0.2606060606060606,7.0,0.06318679912068342,-0.06318679912068342
0.26666666666666666,7.0,0.06296296296296297,-0.06296296296296297
0.2727272727272727,7.0,0.06268219383921864,-0.06268219383921864
0.2787878787878788,7.0,0.062345827420207584,-0.062345827420207584
0.28484848484848485,7.0,0.061955199376686976,-0.061955199376686976
0.2909090909090909,7.0,0.061511645379413976,-0.061511645379413976
0.296969696969697,7.0,0.06101650109914572,-0.06101650109914572
0.30303030303030304,7.0,0.0604711022066394,-0.0604711022066394
0.3090909090909091,7.0,0.059876784372652155,-0.059876784372652155
0.3151515151515151,7.0,0.05923488326794113,-0.05923488326794113
0.3212121212121212,7.0,0.05854673456326348,-0.05854673456326348
0.32727272727272727,7.0,0.057813673929376405,-0.057813673929376405
0.3333333333333333,7.0,0.05703703703703704,-0.05703703703703704
0.3393939393939394,7.0,0.05621815955700253,-0.05621815955700253
0.34545454545454546,7.0,0.055358377160030045,-0.055358377160030045
0.3515151515151515,7.0,0.054459025516876765,-0.054459025516876765
0.3575757575757576,7.0,0.05352144029829979,-0.05352144029829979
0.36363636363636365,7.0,0.052546957175056336,-0.052546957175056336
0.3696969696969697,7.0,0.05153691181790355,-0.05153691181790355
0.37575757575757573,7.0,0.050492639897598585,-0.050492639897598585
0.38181818181818183,7.0,0.04941547708489857,-0.04941547708489857
0.3878787878787879,7.0,0.0483067590505607,-0.0483067590505607
0.3939393939393939,7.0,0.047167821465342125,-0.047167821465342125
0.4,7.0,0.04599999999999999,-0.04599999999999999
0.40606060606060607,7.0,0.04480463032529148,-0.04480463032529148
0.4121212121212121,7.0,0.04358304811197373,-0.04358304811197373
0.41818181818181815,7.0,0.04233658903080391,-0.04233658903080391
0.42424242424242425,7.0,0.04106658875253916,-0.04106658875253916
0.4303030303030303,7.0,0.03977438294793667,-0.03977438294793667
0.43636363636363634,7.0,0.038461307287753564,-0.038461307287753564
0.44242424242424244,7.0,0.03712869744274702,-0.03712869744274702
0.4484848484848485,7.0,0.0357778890836742,-0.0357778890836742
0.45454545454545453,7.0,0.03441021788129227,-0.03441021788129227
0.46060606060606063,7.0,0.033027019506358335,-0.033027019506358335
0.4666666666666667,7.0,0.031629629629629626,-0.031629629629629626
0.4727272727272727,7.0,0.030219383921863262,-0.030219383921863262
0.47878787878787876,7.0,0.0287976180538164,-0.0287976180538164
0.48484848484848486,7.0,0.0273656676962462,-0.0273656676962462
0.4909090909090909,7.0,0.025924868519909838,-0.025924868519909838
0.49696969696969695,7.0,0.02447655619556446,-0.02447655619556446
0.503030303030303,7.0,0.02302206639396721,-0.02302206639396721
0.509090909090909,7.0,0.02156273478587529,-0.02156273478587529
0.5151515151515151,7.0,0.0200998970420458,-0.0200998970420458
0.5212121212121212,7.0,0.018634888833235927,-0.018634888833235927
0.5272727272727272,7.0,0.01716904583020286,-0.01716904583020286
0.5333333333333333,7.0,0.015703703703703702,-0.015703703703703702
0.5393939393939394,7.0,0.014240198124495632,-0.014240198124495632
0.5454545454545454,7.0,0.012779864763335841,-0.012779864763335841
0.5515151515151515,7.0,0.011324039290981436,-0.011324039290981436
0.5575757575757576,7.0,0.009874057378189596,-0.009874057378189596
0.5636363636363636,7.0,0.008431254695717509,-0.008431254695717509
0.5696969696969697,7.0,0.00699696691432228,-0.00699696691432228
0.5757575757575758,7.0,0.005572529704761094,-0.005572529704761094
0.5818181818181818,7.0,0.004159278737791136,-0.004159278737791136
0.5878787878787879,7.0,0.0027585496841695113,-0.0027585496841695113
0.593939393939394,7.0,0.001371678214653405,-0.001371678214653405
0.6,7.0,-0.0,0.0